x pp_inf
0.0180163346 70.6836929
0.0180187915 68.4827652
0.0180262625 66.246521
0.0180387404 65.9775696
0.0180562008 65.4410172
0.0180786084 64.7689896
0.0181059223 63.6192589
0.0181380939 61.9366264
0.0181750711 59.877285
0.0182168018 57.4897919
0.0182632357 54.9354553
0.0183143206 52.2248001
0.01837001 49.3981209
0.0184302628 46.5096016
0.0184950344 43.5853996
0.0185642689 40.7869415
0.0186376311 39.4643555
0.0187182669 34.733963
0.01879883 31.9712296
0.0188829061 29.1344986
0.0189703256 26.3800182
0.019060906 23.7749634
0.019154463 21.3333263
0.0192508064 19.0404243
0.0193497371 16.8809376
0.019451052 14.8655472
0.0195545442 13.0239077
0.0196600035 11.3729019
0.0197672118 9.91158867
0.0198759492 8.61387253
0.0199859943 7.45284462
0.0200971197 6.40467262
0.0202229414 5.832769395
0.0203487631 5.26086617
0.0205137152 5.04661703
0.0207085144 5.01255608
0.0209385343 4.90884972
0.0212101042 4.76435232
0.0215306729 4.62031651
0.0219090097 4.45171165
0.0223554168 4.25426388
0.0228819996 4.05561066
0.0235029534 3.84998155
0.0242349096 3.62554598
0.0250973199 3.41031837
0.0261128936 3.23289394
0.0273080822 3.07865453
0.0287136119 2.91484737
0.0305085471 2.73413777
0.0323034823 2.55342817
0.03457601 2.43338084
0.0372364931 2.38288403
0.0403460413 2.35780215
0.0439734645 2.34559274
0.0481955446 2.35309505
0.0530969501 2.38388157
0.0587697774 2.43611217
0.0653124675 2.50778747
0.0728279725 2.59476757
0.0814209655 2.68867707
0.0911939517 2.77944112
0.102242149 2.85963893
0.11464712 2.92406535
0.128469378 2.97542167
0.144461401 3.00535834
0.160453424 3.03529501
0.178558066 3.04777169
0.197952598 3.05922914
0.218482539 3.05912042
0.239941671 3.04603553
0.262078047 3.03952026
0.28460446 3.04561996
0.307212591 3.04753184
0.329589576 3.03723526
0.351435304 3.0268445
0.372477829 3.0280447
0.392486155 3.03838706
0.411278367 3.04831576
0.428725481 3.05049396
0.444750726 3.04703832
0.4588992895 3.03729761
0.473047853 3.0275569
0.486770242 3.01655388
0.500492632 3.00905704
0.514214993 3.00528526
0.527937412 3.00459743
0.541659772 3.00766897
0.555382192 3.01643419
0.569104552 3.03140998
0.582826912 3.0492878
0.596549332 3.0637877
0.610271692 3.06941223
0.623994112 3.06447339
0.637716472 3.05112219
0.651438892 3.03229833
0.665161252 3.01450729
0.678883642 3.00447106
0.692606032 2.99443483
0.706328392 2.99637032
0.720050812 3.00838971
0.733773172 3.0266757
0.747495592 3.04499364
0.761217952 3.05771327
0.774940372 3.06204677
0.788662732 3.0584166
0.802385092 3.04931736
0.816107512 3.0378325
0.829829872 3.02648211
0.843552291 3.01654077
0.857274652 3.00847006
0.870997071 3.00105309
0.884719431 2.99601436
0.898441821 2.99474192
0.912164211 2.99346948
0.925886571 2.99551964
0.939608991 3.00238228
0.953331351 3.0140264
0.967053771 3.02840424
0.980776131 3.04253221
0.994498551 3.05377698
1.00822091 3.06072783
1.02194333 3.0633688
1.03566563 3.06259179
1.04938805 3.05959392
1.06311047 3.05536032
1.07683289 3.05018163
1.09055519 3.04461837
1.10427761 3.03915095
1.119421065 2.279273925
1.13456452 1.5193969
1.15059936 1.36827791
1.16612196 1.28949189
1.18114924 1.23131919
1.1956979 1.18595612
1.20978367 1.15090537
1.22342205 1.12429142
1.23662806 1.10399508
1.24941611 1.08823514
1.26180029 1.0757494
1.27379405 1.06572914
1.28541064 1.05757022
1.29666269 1.05100656
1.30756259 1.04544866
1.31812239 1.04101264
1.32819474 1.0382691
1.33826709 1.03552556
1.34787416 1.03331864
1.35718524 1.03118241
1.36621046 1.02920556
1.37495971 1.02746499
1.38344264 1.025998
1.39166856 1.02481222
1.3996464 1.02389657
1.40738499 1.02323437
1.41489279 1.02279603
1.42217791 1.02257657
1.42924857 1.02250791
1.43611228 1.02267253
1.44277668 1.0228622
1.44924903 1.02321374
1.455447435 1.024294315
1.46164584 1.02537489
1.46758378 1.02668059
1.47335696 1.02780926
1.47897172 1.02877879
1.48443401 1.02964425
1.48974991 1.03045547
1.49492526 1.03124988
1.49996579 1.03205132
1.50487697 1.03287733
1.50966418 1.03373039
1.51433265 1.03462899
1.51888752 1.03553879
1.52333367 1.03652894
1.52767622 1.03748214
1.53191972 1.0384376
1.536023975 1.039833005
1.54012823 1.04122841
1.54410231 1.04288304
1.54799533 1.04443264
1.5518117 1.04584467
1.55555546 1.04712522
1.5592308 1.04829216
1.56284177 1.04936469
1.5663923 1.0503583
1.56988633 1.05128825
1.57332754 1.05215943
1.57671976 1.05299139
1.5800668 1.05376267
1.58337235 1.05453014
1.58663976 1.05521309
1.58987296 1.0558511
1.59306163 1.05677539
1.5962503 1.05769968
1.59940147 1.05874312
1.60253227 1.05987871
1.60564613 1.06142175
1.60874641 1.08040154
1.61183655 1.42034459
1.61492002 1.92466629
1.61800003 4.11740351
1.62059247 7.19471693
1.62318504 9.57529831
1.62577748 12.0163975
1.62837005 14.2008934
1.63096249 16.2919712
1.63355505 18.3211498
1.6361475 20.302721
1.638740005 22.01132485
1.64133251 23.7199287
1.64392495 25.107626
1.64651752 26.1837692
1.64910996 26.8318062
1.65170252 27.1465054
1.65429497 27.2767487
1.65688753 27.2891483
1.65947998 27.2501163
1.66207254 27.1896515
1.66466498 27.0917397
1.66725755 27.0148602
1.66984999 27.0558662
1.67244256 27.1839046
1.675035 27.2486553
1.67762744 27.1824951
1.680219945 27.10600375
1.68281245 27.0295124
1.68540502 27.0285225
1.68799746 27.0021877
1.69059002 26.9117374
1.69318247 26.7923565
1.69577503 26.7054291
1.69836748 26.6731892
1.70096004 26.6799679
1.70355248 26.7180004
1.70614505 26.7930717
1.70873749 26.8939381
1.71133006 26.9841423
1.7139225 27.022541
1.71651495 26.9709644
1.71910751 26.8726978
1.721966265 15.58796309
1.72482502 4.30322838
1.72794998 3.75246811
1.73107505 3.46815324
1.7342 3.24922943
1.73732495 3.09982204
1.74045002 2.96995735
1.74357498 2.86177897
1.74670005 2.77231264
1.749825 2.69450617
1.75294995 2.62515378
1.75607502 2.56287932
1.75919998 2.50701714
1.76232505 2.45573235
1.76545 2.41128993
1.76857495 2.36775947
