x pp_inf
0.0180163337 69.50519185
0.0180240124 67.72254945
0.0180367921 66.7966728
0.0180546474 65.8794785
0.0180775411 64.5204697
0.0181054268 62.6911755
0.0181382466 60.53582575
0.01817593445 58.0916786
0.01821841205 55.4444599
0.01826559285 52.64221765
0.0183173809 49.71873855
0.0183736682 46.7212162
0.01843434105 43.6624413
0.01849927475 40.5635872
0.01856833605 37.62164115
0.018643301475 35.05539225
0.0187182669 32.48914335
0.01879883 29.78783415
0.0188829061 27.09878255
0.0189703237 24.46373465
0.019060906 21.94761275
0.019154463 19.58903505
0.0192508064 17.39923285
0.0193497371 15.37266635
0.019451052 13.50803425
0.0195545442 11.81167605
0.0196600035 10.2840786
0.0197672118 8.92229843
0.0198759492 7.712961195
0.0199859943 6.640376565
0.0200971197 5.693705085
0.0202229414 5.1824409975
0.0203487631 4.67117691
0.0205137152 4.497159005
0.0207085144 4.4569416
0.0209385343 4.364537
0.0212101042 4.23089361
0.0215306729 4.08736086
0.0219090097 3.939663055
0.0223554168 3.783219335
0.0228819996 3.61325371
0.0235029534 3.424528245
0.0242349096 3.230913995
0.0250973199 3.049736385
0.0261128936 2.871665715
0.0273080822 2.68200171
0.0287136119 2.502626655
0.0305085471 2.3694031225
0.0323034823 2.23617959
0.03457601 2.129063605
0.0372364931 2.035630225
0.0403460413 1.963235735
0.0439734645 1.916249095
0.0481955446 1.893753115
0.0530969501 1.891586665
0.0587697774 1.904850185
0.0653124675 1.930915835
0.0728279725 1.967865285
0.0814209655 2.01304239
0.0911939517 2.06311536
0.102242149 2.11467731
0.11464712 2.164618255
0.128469378 2.210768225
0.144461401 2.2455590375
0.160453424 2.28034985
0.178558066 2.30343294
0.197952598 2.32074201
0.218482539 2.33346367
0.239941671 2.34209466
0.262078047 2.34698844
0.28460446 2.349099275
0.307212591 2.349731565
0.329589576 2.349814415
0.351435304 2.349653005
0.372477829 2.349288225
0.392486155 2.348713395
0.411278367 2.34817469
0.428725481 2.347334025
0.444750726 2.347426775
0.4588992895 2.3472488525
0.473047853 2.34707093
0.486770242 2.34617174
0.500492632 2.34545195
0.514214993 2.34492958
0.527937412 2.344515085
0.541659772 2.344258665
0.555382192 2.344233875
0.569104552 2.34433818
0.582826912 2.34425044
0.596549332 2.34363699
0.610271692 2.342455265
0.623994112 2.341048835
0.637716472 2.34013319
0.651438892 2.339774845
0.665161252 2.341023445
0.678883642 2.34284973
0.692606032 2.344676015
0.706328392 2.344370845
0.720050812 2.343093035
0.733773172 2.34127629
0.747495592 2.3393116
0.761217952 2.337574125
0.774940372 2.33636892
0.788662732 2.33586967
0.802385092 2.33610082
0.816107512 2.336954475
0.829829872 2.33823812
0.843552291 2.339656475
0.857274652 2.34108007
0.870997071 2.34186578
0.884719431 2.342645765
0.898441821 2.343090655
0.912164211 2.343535545
0.925886571 2.342201115
0.939608991 2.34035659
0.953331351 2.338512655
0.967053771 2.336932775
0.980776131 2.335705515
0.994498551 2.3348372
1.00822091 2.33429563
1.02194333 2.33404231
1.03566563 2.33401406
1.04938805 2.334167365
1.06311047 2.334488515
1.07683289 2.334777115
1.09055519 2.33523083
1.10427761 2.336126805
1.119421065 1.760205
1.13456452 1.184283195
1.15059936 1.06880045
1.16612196 1.00871867
1.18114924 0.9655813275
1.1956979 0.930740118
1.20978367 0.9025577305
1.22342205 0.8802335855
1.23662806 0.862668097
1.24941611 0.8487662675
1.26180029 0.8376329245
1.27379405 0.828621924
1.28541064 0.8212423625
1.29666269 0.8152263165
1.30756259 0.810210496
1.31812239 0.8060869275
1.32819474 0.80325902975
1.33826709 0.800431132
1.34787416 0.798401743
1.35718524 0.796625495
1.36621046 0.795077294
1.37495971 0.793749243
1.38344264 0.7926292125
1.39166856 0.7916995585
1.3996464 0.790939063
1.40738499 0.790327728
1.41489279 0.7898416815
1.42217791 0.789471626
1.42924857 0.789179295
1.43611228 0.788996249
1.44277668 0.788837761
1.44924903 0.7887004315
1.455447435 0.788841605
1.46164584 0.7889827785
1.46758378 0.789324075
1.47335696 0.78960678
1.47897172 0.7898245755
1.48443401 0.789991349
1.48974991 0.7901234925
1.49492526 0.790234983
1.49996579 0.7903355655
1.50487697 0.7904335855
1.50966418 0.7905308005
1.51433265 0.7906372845
1.51888752 0.7907389405
1.52333367 0.790866494
1.52767622 0.790979534
1.53191972 0.7910538315
1.536023975 0.79127791525
1.54012823 0.791501999
1.54410231 0.79190585
1.54799533 0.792281002
1.5518117 0.7926125525
1.55555546 0.7929002045
1.5592308 0.7931491135
1.56284177 0.793366045
1.5663923 0.793556869
1.56988633 0.793728292
1.57332754 0.793882668
1.57671976 0.794029683
1.5800668 0.794160366
1.58337235 0.794300884
1.58663976 0.7944196465
1.58987296 0.794518232
1.59306163 0.7947423455
1.5962503 0.794966459
1.59940147 0.795289487
1.60253227 0.795837492
1.60564613 0.79813233
1.60874641 0.8447897735
1.61183655 1.184005975
1.61492002 1.54336983
1.61800003 2.905280945
1.62059247 4.94084048
1.62318504 6.583481555
1.62577748 8.284620765
1.62837005 9.80843544
1.63096249 11.2427788
1.63355505 12.64326765
1.6361475 14.074738
1.638740005 15.451425775
1.64133251 16.82811355
1.64392495 18.08204845
1.64651752 19.3757038
1.64910996 20.48279095
1.65170252 21.16601655
1.65429497 21.6783924
1.65688753 22.2052946
1.65947998 22.67393115
1.66207254 22.8851738
1.66466498 22.80757335
1.66725755 22.68912505
1.66984999 22.7152891
1.67244256 22.82911585
1.675035 22.86666965
1.67762744 22.7879648
1.680219945 22.71647405
1.68281245 22.6449833
1.68540502 22.63064385
1.68799746 22.617898
1.69059002 22.6076746
1.69318247 22.6146917
1.69577503 22.6362362
1.69836748 22.6582899
1.70096004 22.67207145
1.70355248 22.67211725
1.70614505 22.652421
1.70873749 22.61053085
1.71133006 22.5506506
1.7139225 22.4929657
1.71651495 22.4663124
1.71910751 22.5060835
1.721966265 13.108900255
1.72482502 3.71171701
1.72794998 3.236261725
1.73107505 2.989241125
1.7342 2.817596795
1.73732495 2.675887225
1.74045002 2.555120465
1.74357498 2.452169895
1.74670005 2.363714215
1.749825 2.28659439
1.75294995 2.219097135
1.75607502 2.159790395
1.75919998 2.10788357
1.76232505 2.06097233
1.76545 2.020638585
1.76857495 1.978248835
