"ObjectId","Points:0","Points:1","Points:2","arc_length","pressure","wall-heat-flux","wall-tau-mag","wall-y_plus"
1.00000000e+00,1.77170002e+00,0.00000000e+00,2.04599991e-01,0.00000000e+00,9.53948032e+03,2.56823148e+05,2.09437665e+02,3.78098869e-01
1.00000000e+00,1.76857495e+00,0.00000000e+00,2.04599991e-01,3.12507153e-03,9.64070404e+03,2.60881850e+05,2.13668518e+02,3.75896357e-01
1.00000000e+00,1.76545000e+00,0.00000000e+00,2.04600006e-01,6.25002384e-03,9.83126290e+03,2.66718095e+05,2.18923904e+02,3.67912901e-01
1.00000000e+00,1.76232505e+00,0.00000000e+00,2.04600006e-01,9.37497616e-03,1.00171654e+04,2.70467434e+05,2.21413743e+02,3.56518200e-01
1.00000000e+00,1.75919998e+00,0.00000000e+00,2.04600006e-01,1.25000477e-02,1.02235726e+04,2.74822828e+05,2.24701697e+02,3.45471409e-01
1.00000000e+00,1.75607502e+00,-2.64697796e-23,2.04600006e-01,1.56250000e-02,1.04532941e+04,2.79678902e+05,2.28397411e+02,3.34459064e-01
1.00000000e+00,1.75294995e+00,0.00000000e+00,2.04600006e-01,1.87500715e-02,1.07092554e+04,2.84892665e+05,2.32342780e+02,3.23308958e-01
1.00000000e+00,1.74982500e+00,0.00000000e+00,2.04600006e-01,2.18750238e-02,1.09959411e+04,2.90508558e+05,2.36556224e+02,3.12006978e-01
1.00000000e+00,1.74670005e+00,0.00000000e+00,2.04600006e-01,2.49999762e-02,1.11465459e+04,2.93383130e+05,2.38697340e+02,3.06275739e-01
1.00000000e+00,1.74357498e+00,0.00000000e+00,2.04600006e-01,2.81250477e-02,1.16755081e+04,3.02569781e+05,2.45638970e+02,2.88573616e-01
1.00000000e+00,1.74045002e+00,0.00000000e+00,2.04600006e-01,3.12500000e-02,1.20854641e+04,3.08825970e+05,2.50435234e+02,2.76362965e-01
1.00000000e+00,1.73732495e+00,0.00000000e+00,2.04600006e-01,3.43750715e-02,1.25541745e+04,3.14953887e+05,2.55966232e+02,2.64031376e-01
1.00000000e+00,1.73420000e+00,1.32348898e-23,2.04600006e-01,3.75000238e-02,1.31113674e+04,3.23265401e+05,2.64964964e+02,2.52874543e-01
1.00000000e+00,1.73107505e+00,0.00000000e+00,2.04600006e-01,4.06249762e-02,1.38176848e+04,3.44311036e+05,2.83319145e+02,2.45204059e-01
1.00000000e+00,1.72794998e+00,0.00000000e+00,2.04600006e-01,4.37500477e-02,1.47911591e+04,4.09633726e+05,3.41305821e+02,2.50911964e-01
1.00000000e+00,1.72482502e+00,0.00000000e+00,2.04600006e-01,4.68750000e-02,1.64423046e+04,6.06524894e+05,5.42327365e+02,2.93814548e-01
1.00000000e+00,1.72169995e+00,0.00000000e+00,2.04600006e-01,5.00000715e-02,1.75203037e+04,7.53879479e+05,6.97847306e+02,3.28393319e-01
2.00000000e+00,1.72169995e+00,0.00000000e+00,2.04600006e-01,0.00000000e+00,1.01156370e+05,2.04770403e+06,1.25785504e+03,9.58560239e-01
2.00000000e+00,1.71910751e+00,0.00000000e+00,2.02916250e-01,3.09124647e-03,1.02503686e+05,2.07213234e+06,1.23629094e+03,9.55851563e-01
2.00000000e+00,1.71651495e+00,0.00000000e+00,2.01232493e-01,6.18259291e-03,1.04000214e+05,2.09192156e+06,1.20641167e+03,9.50675460e-01
2.00000000e+00,1.71392250e+00,0.00000000e+00,1.99548751e-01,9.27383126e-03,1.04124041e+05,2.08636034e+06,1.19439776e+03,9.46654337e-01
2.00000000e+00,1.71133006e+00,0.00000000e+00,1.97864994e-01,1.23650777e-02,1.04077854e+05,2.08468265e+06,1.18787120e+03,9.43905782e-01
2.00000000e+00,1.70873749e+00,0.00000000e+00,1.96181253e-01,1.54564161e-02,1.04045438e+05,2.08299717e+06,1.18200013e+03,9.41473916e-01
2.00000000e+00,1.70614505e+00,0.00000000e+00,1.94497496e-01,1.85476625e-02,1.04031249e+05,2.08108123e+06,1.17572880e+03,9.38965230e-01
2.00000000e+00,1.70355248e+00,0.00000000e+00,1.92813754e-01,2.16390009e-02,1.04039976e+05,2.07910016e+06,1.16906460e+03,9.36397373e-01
2.00000000e+00,1.70096004e+00,0.00000000e+00,1.91129997e-01,2.47302473e-02,1.04083943e+05,2.07720054e+06,1.16192886e+03,9.33787767e-01
2.00000000e+00,1.69836748e+00,0.00000000e+00,1.89446256e-01,2.78215856e-02,1.04160795e+05,2.07517332e+06,1.15415697e+03,9.31061546e-01
2.00000000e+00,1.69577503e+00,4.03896783e-28,1.87762499e-01,3.09128321e-02,1.04204985e+05,2.07405078e+06,1.15008462e+03,9.29648738e-01
2.00000000e+00,1.69318247e+00,0.00000000e+00,1.86078757e-01,3.40041704e-02,1.04409309e+05,2.07047144e+06,1.13642837e+03,9.25117146e-01
2.00000000e+00,1.69059002e+00,0.00000000e+00,1.84395000e-01,3.70954169e-02,1.04572289e+05,2.06745050e+06,1.12613323e+03,9.21718941e-01
2.00000000e+00,1.68799746e+00,-4.03896783e-28,1.82711244e-01,4.01867633e-02,1.04741615e+05,2.06364830e+06,1.11467194e+03,9.17861662e-01
2.00000000e+00,1.68540502e+00,4.03896783e-28,1.81027502e-01,4.32780017e-02,1.04907210e+05,2.05881544e+06,1.10196169e+03,9.13463669e-01
2.00000000e+00,1.68281245e+00,0.00000000e+00,1.79343745e-01,4.63693481e-02,1.05078708e+05,2.05291422e+06,1.08789979e+03,9.08513386e-01
2.00000000e+00,1.68022001e+00,0.00000000e+00,1.77660003e-01,4.94605865e-02,1.05260089e+05,2.04565848e+06,1.07214721e+03,9.02877992e-01
2.00000000e+00,1.67762744e+00,0.00000000e+00,1.75976247e-01,5.25519329e-02,1.05431512e+05,2.03662509e+06,1.05430401e+03,8.96293366e-01
2.00000000e+00,1.67503500e+00,0.00000000e+00,1.74292505e-01,5.56431713e-02,1.05557108e+05,2.02543672e+06,1.03410423e+03,8.88477223e-01
2.00000000e+00,1.67244256e+00,0.00000000e+00,1.72608748e-01,5.87344178e-02,1.05616245e+05,2.01175146e+06,1.01142185e+03,8.79266786e-01
2.00000000e+00,1.66984999e+00,0.00000000e+00,1.70925006e-01,6.18257561e-02,1.05558602e+05,1.98511773e+06,9.72268297e+02,8.62517576e-01
2.00000000e+00,1.66725755e+00,0.00000000e+00,1.69241250e-01,6.49170025e-02,1.05501217e+05,1.97430812e+06,9.56970588e+02,8.55709199e-01
2.00000000e+00,1.66466498e+00,0.00000000e+00,1.67557493e-01,6.80083490e-02,1.05258365e+05,1.94929210e+06,9.23704365e+02,8.40327105e-01
2.00000000e+00,1.66207254e+00,0.00000000e+00,1.65873751e-01,7.10995873e-02,1.04656303e+05,1.91679152e+06,8.85544781e+02,8.21184870e-01
2.00000000e+00,1.65947998e+00,0.00000000e+00,1.64189994e-01,7.41909338e-02,1.03635927e+05,1.87715021e+06,8.43498191e+02,7.98432460e-01
2.00000000e+00,1.65688753e+00,0.00000000e+00,1.62506253e-01,7.72821721e-02,1.02183853e+05,1.83013312e+06,7.97061187e+02,7.71710742e-01
2.00000000e+00,1.65429497e+00,0.00000000e+00,1.60822496e-01,8.03735186e-02,1.00119492e+05,1.77356418e+06,7.45365762e+02,7.39875890e-01
2.00000000e+00,1.65170252e+00,0.00000000e+00,1.59138754e-01,8.34647569e-02,9.72478427e+04,1.70654295e+06,6.89539942e+02,7.02695127e-01
2.00000000e+00,1.64910996e+00,0.00000000e+00,1.57454997e-01,8.65561034e-02,9.34842809e+04,1.62940173e+06,6.31251555e+02,6.60665064e-01
2.00000000e+00,1.64651752e+00,0.00000000e+00,1.55771255e-01,8.96473417e-02,8.88555314e+04,1.54332627e+06,5.71831721e+02,6.14564751e-01
2.00000000e+00,1.64392495e+00,0.00000000e+00,1.54087499e-01,9.27386882e-02,8.05747514e+04,1.40148338e+06,4.82709619e+02,5.39988375e-01
2.00000000e+00,1.64133251e+00,0.00000000e+00,1.52403757e-01,9.58299265e-02,7.74691823e+04,1.35166775e+06,4.53909842e+02,5.14120521e-01
2.00000000e+00,1.63873994e+00,2.01948392e-28,1.50720000e-01,9.89212730e-02,7.11745671e+04,1.25237261e+06,3.97058146e+02,4.62238233e-01
2.00000000e+00,1.63614750e+00,0.00000000e+00,1.49036244e-01,1.02012519e-01,6.48046536e+04,1.15733768e+06,3.41940435e+02,4.10453818e-01
2.00000000e+00,1.63355505e+00,2.01948392e-28,1.47352502e-01,1.05103758e-01,5.84682332e+04,1.07581772e+06,2.89053791e+02,3.59315360e-01
2.00000000e+00,1.63096249e+00,-2.01948392e-28,1.45668745e-01,1.08195104e-01,5.21127341e+04,1.00828708e+06,2.36053099e+02,3.07106547e-01
2.00000000e+00,1.62837005e+00,0.00000000e+00,1.43985003e-01,1.11286343e-01,4.55537069e+04,9.40372421e+05,1.77546476e+02,2.49269744e-01
2.00000000e+00,1.62577748e+00,0.00000000e+00,1.42301247e-01,1.14377689e-01,3.85431902e+04,8.55017529e+05,1.13634655e+02,1.83244342e-01
2.00000000e+00,1.62318504e+00,0.00000000e+00,1.40617505e-01,1.17468927e-01,3.11245799e+04,7.46387651e+05,6.83975219e+01,1.28726824e-01
2.00000000e+00,1.62059247e+00,0.00000000e+00,1.38933748e-01,1.20560274e-01,2.41876912e+04,6.18018739e+05,7.23377181e+01,1.15342300e-01
2.00000000e+00,1.61800003e+00,0.00000000e+00,1.37250021e-01,1.23651504e-01,2.10179948e+04,5.49273745e+05,8.89299180e+01,1.21446325e-01
2.00000000e+00,1.61800003e+00,0.00000000e+00,1.37250006e-01,1.23651519e-01,2.10179774e+04,5.49273367e+05,8.89300093e+01,1.21446359e-01
3.00000000e+00,1.61800003e+00,0.00000000e+00,1.37250006e-01,0.00000000e+00,7.92103991e+03,2.18688606e+05,9.97588889e+01,8.02800611e-02
3.00000000e+00,1.61492002e+00,0.00000000e+00,1.37250006e-01,3.08001041e-03,6.95769552e+03,1.79100009e+05,6.35392203e+01,5.86902456e-02
3.00000000e+00,1.61183655e+00,0.00000000e+00,1.37250006e-01,6.16347790e-03,5.10774562e+03,1.33619873e+05,4.55690454e+01,4.26478728e-02
3.00000000e+00,1.60874641e+00,0.00000000e+00,1.37250006e-01,9.25362110e-03,3.97060427e+03,1.35748173e+05,9.37865271e+01,5.59717979e-02
3.00000000e+00,1.60564613e+00,0.00000000e+00,1.37250006e-01,1.23538971e-02,3.69075845e+03,1.46363086e+05,1.29754938e+02,6.53927844e-02
3.00000000e+00,1.60253227e+00,0.00000000e+00,1.37250006e-01,1.54677629e-02,3.65832111e+03,1.49299477e+05,1.36363963e+02,6.75654162e-02
3.00000000e+00,1.59940147e+00,0.00000000e+00,1.37250006e-01,1.85985565e-02,3.65445913e+03,1.49669188e+05,1.37033083e+02,6.85116281e-02
3.00000000e+00,1.59625030e+00,0.00000000e+00,1.37250006e-01,2.17497349e-02,3.65322735e+03,1.49694702e+05,1.37102353e+02,6.93398215e-02
3.00000000e+00,1.59307528e+00,0.00000000e+00,1.37250006e-01,2.49247551e-02,3.65224227e+03,1.49685509e+05,1.37114165e+02,7.01616602e-02
3.00000000e+00,1.58987296e+00,0.00000000e+00,1.37250006e-01,2.81270742e-02,3.65127943e+03,1.49672979e+05,1.37120312e+02,7.09887428e-02
3.00000000e+00,1.58663976e+00,0.00000000e+00,1.37250006e-01,3.13602686e-02,3.65031760e+03,1.49660451e+05,1.37126719e+02,7.18232819e-02
3.00000000e+00,1.58337235e+00,0.00000000e+00,1.37250006e-01,3.46276760e-02,3.64935150e+03,1.49648442e+05,1.37134245e+02,7.26663864e-02
3.00000000e+00,1.58006680e+00,0.00000000e+00,1.37250006e-01,3.79332304e-02,3.64838254e+03,1.49636990e+05,1.37142855e+02,7.35190138e-02
3.00000000e+00,1.57671976e+00,0.00000000e+00,1.37250006e-01,4.12802696e-02,3.64741523e+03,1.49626297e+05,1.37152669e+02,7.43822038e-02
3.00000000e+00,1.57332754e+00,0.00000000e+00,1.37250006e-01,4.46724892e-02,3.64693225e+03,1.49621135e+05,1.37157872e+02,7.48165622e-02
3.00000000e+00,1.56988633e+00,0.00000000e+00,1.37250006e-01,4.81137037e-02,3.64549847e+03,1.49607742e+05,1.37176507e+02,7.61444894e-02
3.00000000e+00,1.56639230e+00,0.00000000e+00,1.37250006e-01,5.16077280e-02,3.64455667e+03,1.49600304e+05,1.37190923e+02,7.70457729e-02
3.00000000e+00,1.56284177e+00,0.00000000e+00,1.37250006e-01,5.51582575e-02,3.64363108e+03,1.49594372e+05,1.37207233e+02,7.79619659e-02
3.00000000e+00,1.55923080e+00,0.00000000e+00,1.37250006e-01,5.87692261e-02,3.64272523e+03,1.49590133e+05,1.37225587e+02,7.88941953e-02
3.00000000e+00,1.55555546e+00,0.00000000e+00,1.37250006e-01,6.24445677e-02,3.64184226e+03,1.49587752e+05,1.37246131e+02,7.98436050e-02
3.00000000e+00,1.55181170e+00,0.00000000e+00,1.37250006e-01,6.61883354e-02,3.64098454e+03,1.49587387e+05,1.37269016e+02,8.08113548e-02
3.00000000e+00,1.54799533e+00,0.00000000e+00,1.37250006e-01,7.00047016e-02,3.64015325e+03,1.49589172e+05,1.37294354e+02,8.17986031e-02
3.00000000e+00,1.54410231e+00,0.00000000e+00,1.37250006e-01,7.38977194e-02,3.63934818e+03,1.49593175e+05,1.37322190e+02,8.28064986e-02
3.00000000e+00,1.54012823e+00,0.00000000e+00,1.37250006e-01,7.78717995e-02,3.63856775e+03,1.49599409e+05,1.37352542e+02,8.38361895e-02
3.00000000e+00,1.53606892e+00,0.00000000e+00,1.37250006e-01,8.19311142e-02,3.63780890e+03,1.49607823e+05,1.37385399e+02,8.48888230e-02
3.00000000e+00,1.53191972e+00,0.00000000e+00,1.37250006e-01,8.60803127e-02,3.63706744e+03,1.49618343e+05,1.37420794e+02,8.59655726e-02
3.00000000e+00,1.52767622e+00,0.00000000e+00,1.37250006e-01,9.03238058e-02,3.63633803e+03,1.49630886e+05,1.37458750e+02,8.70676206e-02
3.00000000e+00,1.52333367e+00,0.00000000e+00,1.37250006e-01,9.46663618e-02,3.63561497e+03,1.49645375e+05,1.37499278e+02,8.81961688e-02
3.00000000e+00,1.51888752e+00,0.00000000e+00,1.37250006e-01,9.91125107e-02,3.63525437e+03,1.49653098e+05,1.37520191e+02,8.87672222e-02
3.00000000e+00,1.51433265e+00,0.00000000e+00,1.37250006e-01,1.03667378e-01,3.63416572e+03,1.49679982e+05,1.37588298e+02,9.05377917e-02
3.00000000e+00,1.50966418e+00,0.00000000e+00,1.37250006e-01,1.08335853e-01,3.63342607e+03,1.49699783e+05,1.37636952e+02,9.17534416e-02
3.00000000e+00,1.50487697e+00,0.00000000e+00,1.37250006e-01,1.13123059e-01,3.63267423e+03,1.49721321e+05,1.37688800e+02,9.30009517e-02
3.00000000e+00,1.49996579e+00,0.00000000e+00,1.37250006e-01,1.18034244e-01,3.63191641e+03,1.49745069e+05,1.37744426e+02,9.42820403e-02
3.00000000e+00,1.49492526e+00,0.00000000e+00,1.37250006e-01,1.23074770e-01,3.63116264e+03,1.49771657e+05,1.37804501e+02,9.55985623e-02
3.00000000e+00,1.48974991e+00,0.00000000e+00,1.37250006e-01,1.28250122e-01,3.63042553e+03,1.49801728e+05,1.37869735e+02,9.69524839e-02
3.00000000e+00,1.48443401e+00,0.00000000e+00,1.37250006e-01,1.33566022e-01,3.62972240e+03,1.49836113e+05,1.37940977e+02,9.83459557e-02
3.00000000e+00,1.47897172e+00,0.00000000e+00,1.37250006e-01,1.39028311e-01,3.62907539e+03,1.49875851e+05,1.38019331e+02,9.97813639e-02
3.00000000e+00,1.47335696e+00,0.00000000e+00,1.37250006e-01,1.44643068e-01,3.62850975e+03,1.49922255e+05,1.38106053e+02,1.01261289e-01
3.00000000e+00,1.46758378e+00,0.00000000e+00,1.37250006e-01,1.50416255e-01,3.62805111e+03,1.49976662e+05,1.38202291e+02,1.02788381e-01
3.00000000e+00,1.46164584e+00,0.00000000e+00,1.37250006e-01,1.56354189e-01,3.62772111e+03,1.50040125e+05,1.38309239e+02,1.04365361e-01
3.00000000e+00,1.45553637e+00,0.00000000e+00,1.37250006e-01,1.62463665e-01,3.62753362e+03,1.50112757e+05,1.38428389e+02,1.05995071e-01
3.00000000e+00,1.44924903e+00,0.00000000e+00,1.37250006e-01,1.68751001e-01,3.62756395e+03,1.50198043e+05,1.38562461e+02,1.07681854e-01
3.00000000e+00,1.44277668e+00,0.00000000e+00,1.37250006e-01,1.75223351e-01,3.62765126e+03,1.50244805e+05,1.38633705e+02,1.08540240e-01
3.00000000e+00,1.43611228e+00,0.00000000e+00,1.37250006e-01,1.81887746e-01,3.62849529e+03,1.50417372e+05,1.38881626e+02,1.11241902e-01
3.00000000e+00,1.42924857e+00,0.00000000e+00,1.37250006e-01,1.88751459e-01,3.62947922e+03,1.50555443e+05,1.39071058e+02,1.13123383e-01
3.00000000e+00,1.42217791e+00,1.00974196e-28,1.37250006e-01,1.95822120e-01,3.63087549e+03,1.50715527e+05,1.39283489e+02,1.15078578e-01
3.00000000e+00,1.41489279e+00,0.00000000e+00,1.37250006e-01,2.03107238e-01,3.63274122e+03,1.50900668e+05,1.39521641e+02,1.17112606e-01
3.00000000e+00,1.40738499e+00,0.00000000e+00,1.37250006e-01,2.10615039e-01,3.63512095e+03,1.51113294e+05,1.39787744e+02,1.19230437e-01
3.00000000e+00,1.39964640e+00,-1.00974196e-28,1.37250006e-01,2.18353629e-01,3.63804909e+03,1.51355593e+05,1.40084200e+02,1.21437208e-01
3.00000000e+00,1.39166856e+00,0.00000000e+00,1.37250006e-01,2.26331472e-01,3.64155684e+03,1.51629813e+05,1.40413656e+02,1.23738372e-01
3.00000000e+00,1.38344264e+00,0.00000000e+00,1.37250006e-01,2.34557390e-01,3.64568249e+03,1.51938282e+05,1.40779565e+02,1.26140158e-01
3.00000000e+00,1.37495971e+00,0.00000000e+00,1.37250006e-01,2.43040323e-01,3.65050570e+03,1.52284986e+05,1.41187262e+02,1.28650705e-01
3.00000000e+00,1.36621046e+00,0.00000000e+00,1.37250006e-01,2.51789570e-01,3.65618885e+03,1.52677265e+05,1.41645147e+02,1.31281515e-01
3.00000000e+00,1.35718524e+00,0.00000000e+00,1.37250006e-01,2.60814786e-01,3.66300905e+03,1.53127049e+05,1.42165464e+02,1.34048668e-01
3.00000000e+00,1.34787416e+00,0.00000000e+00,1.37250006e-01,2.70125866e-01,3.67135842e+03,1.53651468e+05,1.42763651e+02,1.36972925e-01
3.00000000e+00,1.33826709e+00,0.00000000e+00,1.37250006e-01,2.79732943e-01,3.70988072e+03,1.55515549e+05,1.44637660e+02,1.42500540e-01
3.00000000e+00,1.32835340e+00,0.00000000e+00,1.37250006e-01,2.89646626e-01,3.71693796e+03,1.55913969e+05,1.45070386e+02,1.44219676e-01
3.00000000e+00,1.31812239e+00,0.00000000e+00,1.37250006e-01,2.99877644e-01,3.73255447e+03,1.56781457e+05,1.46004020e+02,1.47781070e-01
3.00000000e+00,1.30756259e+00,0.00000000e+00,1.37250006e-01,3.10437441e-01,3.75138623e+03,1.57799349e+05,1.47084296e+02,1.51604408e-01
3.00000000e+00,1.29666269e+00,0.00000000e+00,1.37250006e-01,3.21337342e-01,3.77399492e+03,1.58992842e+05,1.48337886e+02,1.55728252e-01
3.00000000e+00,1.28541064e+00,0.00000000e+00,1.37250006e-01,3.32589388e-01,3.80125635e+03,1.60410745e+05,1.49807384e+02,1.60208777e-01
3.00000000e+00,1.27379405e+00,0.00000000e+00,1.37250006e-01,3.44205976e-01,3.83434201e+03,1.62104780e+05,1.51540795e+02,1.65115457e-01
3.00000000e+00,1.26180029e+00,0.00000000e+00,1.37250006e-01,3.56199741e-01,3.87456048e+03,1.64126207e+05,1.53589884e+02,1.70528070e-01
3.00000000e+00,1.24941611e+00,0.00000000e+00,1.37250006e-01,3.68583918e-01,3.92351282e+03,1.66552924e+05,1.56029560e+02,1.76551772e-01
3.00000000e+00,1.23662806e+00,0.00000000e+00,1.37250006e-01,3.81371975e-01,3.95040712e+03,1.67879015e+05,1.57358284e+02,1.79731779e-01
3.00000000e+00,1.22342205e+00,0.00000000e+00,1.37250006e-01,3.94577980e-01,4.05976122e+03,1.73185849e+05,1.62605958e+02,1.91157783e-01
3.00000000e+00,1.20978367e+00,0.00000000e+00,1.37250006e-01,4.08216357e-01,4.15604257e+03,1.77803955e+05,1.67107777e+02,2.00267253e-01
3.00000000e+00,1.19569790e+00,0.00000000e+00,1.37250006e-01,4.22302127e-01,4.27753700e+03,1.83598045e+05,1.72711768e+02,2.11007750e-01
3.00000000e+00,1.18114924e+00,0.00000000e+00,1.37250006e-01,4.36850786e-01,4.43190104e+03,1.90930867e+05,1.79810323e+02,2.23907548e-01
3.00000000e+00,1.16612196e+00,0.00000000e+00,1.37250006e-01,4.51878071e-01,4.63604071e+03,2.00549414e+05,1.89255414e+02,2.40059960e-01
3.00000000e+00,1.15059936e+00,0.00000000e+00,1.37250006e-01,4.67400670e-01,4.93291911e+03,2.14551010e+05,2.03708939e+02,2.62478052e-01
3.00000000e+00,1.13456452e+00,0.00000000e+00,1.37250006e-01,4.83435512e-01,5.38376024e+03,2.39199386e+05,2.32162361e+02,2.98846527e-01
3.00000000e+00,1.11800289e+00,0.00000000e+00,1.37250006e-01,4.99997139e-01,5.65511960e+03,2.55350847e+05,2.51615173e+02,3.21868920e-01
3.00000000e+00,1.11800003e+00,0.00000000e+00,1.37250006e-01,5.00000000e-01,5.65516574e+03,2.55353594e+05,2.51618481e+02,3.21872835e-01
4.00000000e+00,1.11800003e+00,0.00000000e+00,1.37250006e-01,0.00000000e+00,1.07483048e+04,4.46109817e+05,3.90391032e+02,5.53291178e-01
4.00000000e+00,1.10427761e+00,0.00000000e+00,1.35565385e-01,1.38254386e-02,1.07742442e+04,4.44399514e+05,3.88411547e+02,5.52626413e-01
4.00000000e+00,1.09055519e+00,0.00000000e+00,1.33880779e-01,2.76508753e-02,1.08020671e+04,4.43148881e+05,3.86798838e+02,5.52240382e-01
4.00000000e+00,1.07683289e+00,0.00000000e+00,1.32196173e-01,4.14761937e-02,1.08040099e+04,4.44063732e+05,3.87559943e+02,5.52770805e-01
4.00000000e+00,1.06311047e+00,0.00000000e+00,1.30511567e-01,5.53016305e-02,1.08043902e+04,4.44979436e+05,3.88353637e+02,5.53283865e-01
4.00000000e+00,1.04938805e+00,0.00000000e+00,1.28826961e-01,6.91270672e-02,1.08050165e+04,4.45909176e+05,3.89158957e+02,5.53810118e-01
4.00000000e+00,1.03566563e+00,0.00000000e+00,1.27142355e-01,8.29525039e-02,1.08055991e+04,4.46851544e+05,3.89974998e+02,5.54341555e-01
4.00000000e+00,1.02194333e+00,0.00000000e+00,1.25457749e-01,9.67778224e-02,1.08061583e+04,4.47807459e+05,3.90802766e+02,5.54879333e-01
4.00000000e+00,1.00822091e+00,0.00000000e+00,1.23773135e-01,1.10603260e-01,1.08067189e+04,4.48779319e+05,3.91644276e+02,5.55425370e-01
4.00000000e+00,9.94498551e-01,0.00000000e+00,1.22088529e-01,1.24428638e-01,1.08073137e+04,4.49767655e+05,3.92499597e+02,5.55980498e-01
4.00000000e+00,9.80776131e-01,0.00000000e+00,1.20403923e-01,1.38254074e-01,1.08079550e+04,4.50773270e+05,3.93369361e+02,5.56545407e-01
4.00000000e+00,9.67053771e-01,0.00000000e+00,1.18719310e-01,1.52079453e-01,1.08086619e+04,4.51796192e+05,3.94253566e+02,5.57120556e-01
4.00000000e+00,9.53331351e-01,0.00000000e+00,1.17034703e-01,1.65904890e-01,1.08098918e+04,4.53362828e+05,3.95606153e+02,5.58003162e-01
4.00000000e+00,9.39608991e-01,0.00000000e+00,1.15350097e-01,1.79730267e-01,1.08103608e+04,4.53897139e+05,3.96066398e+02,5.58304336e-01
4.00000000e+00,9.25886571e-01,0.00000000e+00,1.13665491e-01,1.93555704e-01,1.08113140e+04,4.54973608e+05,3.96993418e+02,5.58910849e-01
4.00000000e+00,9.12164211e-01,0.00000000e+00,1.11980878e-01,2.07381082e-01,1.08122619e+04,4.56064753e+05,3.97932170e+02,5.59523873e-01
4.00000000e+00,8.98441792e-01,0.00000000e+00,1.10296272e-01,2.21206519e-01,1.08131372e+04,4.57169657e+05,3.98881903e+02,5.60141153e-01
4.00000000e+00,8.84719431e-01,0.00000000e+00,1.08611666e-01,2.35031897e-01,1.08138986e+04,4.58288624e+05,3.99843320e+02,5.60762057e-01
4.00000000e+00,8.70997071e-01,0.00000000e+00,1.06927060e-01,2.48857274e-01,1.08145163e+04,4.59422220e+05,4.00816996e+02,5.61386146e-01
4.00000000e+00,8.57274652e-01,0.00000000e+00,1.05242446e-01,2.62682712e-01,1.08149877e+04,4.60573041e+05,4.01805375e+02,5.62014885e-01
4.00000000e+00,8.43552291e-01,0.00000000e+00,1.03557840e-01,2.76508090e-01,1.08153506e+04,4.61744817e+05,4.02811847e+02,5.62651378e-01
4.00000000e+00,8.29829872e-01,0.00000000e+00,1.01873234e-01,2.90333526e-01,1.08156434e+04,4.62940527e+05,4.03838732e+02,5.63298036e-01
4.00000000e+00,8.16107512e-01,0.00000000e+00,1.00188628e-01,3.04158904e-01,1.08159238e+04,4.64163098e+05,4.04888500e+02,5.63957865e-01
4.00000000e+00,8.02385092e-01,0.00000000e+00,9.85040143e-02,3.17984342e-01,1.08162864e+04,4.65415184e+05,4.05963483e+02,5.64634749e-01
4.00000000e+00,7.88662732e-01,0.00000000e+00,9.68194082e-02,3.31809719e-01,1.08172118e+04,4.67350584e+05,4.07622680e+02,5.65687523e-01
4.00000000e+00,7.74940372e-01,0.00000000e+00,9.51348022e-02,3.45635097e-01,1.08176893e+04,4.68015879e+05,4.08190860e+02,5.66051509e-01
4.00000000e+00,7.61217952e-01,0.00000000e+00,9.34501961e-02,3.59460533e-01,1.08186836e+04,4.69355675e+05,4.09333609e+02,5.66783843e-01
4.00000000e+00,7.47495592e-01,0.00000000e+00,9.17655826e-02,3.73285912e-01,1.08196801e+04,4.70710525e+05,4.10486362e+02,5.67521134e-01
4.00000000e+00,7.33773172e-01,0.00000000e+00,9.00809765e-02,3.87111349e-01,1.08205644e+04,4.72077372e+05,4.11647117e+02,5.68259121e-01
4.00000000e+00,7.20050812e-01,0.00000000e+00,8.83963704e-02,4.00936726e-01,1.08213127e+04,4.73461109e+05,4.12820831e+02,5.69000307e-01
4.00000000e+00,7.06328392e-01,0.00000000e+00,8.67117643e-02,4.14762163e-01,1.08219932e+04,4.74872152e+05,4.14017208e+02,5.69752578e-01
4.00000000e+00,6.92606032e-01,0.00000000e+00,8.50271508e-02,4.28587541e-01,1.08228296e+04,4.76325036e+05,4.15250689e+02,5.70530915e-01
4.00000000e+00,6.78883612e-01,0.00000000e+00,8.33425447e-02,4.42412978e-01,1.08242929e+04,4.77844748e+05,4.16540264e+02,5.71359365e-01
4.00000000e+00,6.65161252e-01,0.00000000e+00,8.16579387e-02,4.56238356e-01,1.08266986e+04,4.79446530e+05,4.17892939e+02,5.72250147e-01
4.00000000e+00,6.51438892e-01,0.00000000e+00,7.99733326e-02,4.70063733e-01,1.08297666e+04,4.81113615e+05,4.19292762e+02,5.73185692e-01
4.00000000e+00,6.37716472e-01,0.00000000e+00,7.82887191e-02,4.83889171e-01,1.08328680e+04,4.82812812e+05,4.20712688e+02,5.74132510e-01
4.00000000e+00,6.23994112e-01,0.00000000e+00,7.66041130e-02,4.97714549e-01,1.08343433e+04,4.83666075e+05,4.21424138e+02,5.74604321e-01
4.00000000e+00,6.10271692e-01,0.00000000e+00,7.49195069e-02,5.11539985e-01,1.08371351e+04,4.86223152e+05,4.23549601e+02,5.75966991e-01
4.00000000e+00,5.96549332e-01,0.00000000e+00,7.32349008e-02,5.25365363e-01,1.08379024e+04,4.87929210e+05,4.24965152e+02,5.76843219e-01
4.00000000e+00,5.82826912e-01,0.00000000e+00,7.15502873e-02,5.39190801e-01,1.08380849e+04,4.89658343e+05,4.26398177e+02,5.77712654e-01
4.00000000e+00,5.69104552e-01,0.00000000e+00,6.98656812e-02,5.53016178e-01,1.08381002e+04,4.91425515e+05,4.27865421e+02,5.78596846e-01
4.00000000e+00,5.55382192e-01,0.00000000e+00,6.81810752e-02,5.66841556e-01,1.08386406e+04,4.93262504e+05,4.29388867e+02,5.79527327e-01
4.00000000e+00,5.41659772e-01,0.00000000e+00,6.64964691e-02,5.80666992e-01,1.08399817e+04,4.95179376e+05,4.30968687e+02,5.80510908e-01
4.00000000e+00,5.27937412e-01,0.00000000e+00,6.48118556e-02,5.94492371e-01,1.08415263e+04,4.97146598e+05,4.32580932e+02,5.81516894e-01
4.00000000e+00,5.14214993e-01,0.00000000e+00,6.31272495e-02,6.08317808e-01,1.08428623e+04,4.99155775e+05,4.34219759e+02,5.82530636e-01
4.00000000e+00,5.00492632e-01,0.00000000e+00,6.14426434e-02,6.22143185e-01,1.08440422e+04,5.01204740e+05,4.35886331e+02,5.83554329e-01
4.00000000e+00,4.86770242e-01,0.00000000e+00,5.97580336e-02,6.35968593e-01,1.08452627e+04,5.03237667e+05,4.37536339e+02,5.84566578e-01
4.00000000e+00,4.73047853e-01,0.00000000e+00,5.80734275e-02,6.49794000e-01,1.08469385e+04,5.05033629e+05,4.38963804e+02,5.85453249e-01
4.00000000e+00,4.59325463e-01,0.00000000e+00,5.63888177e-02,6.63619408e-01,1.08479663e+04,5.05829610e+05,4.39580936e+02,5.85842285e-01
5.00000000e+00,4.59325463e-01,0.00000000e+00,5.63888177e-02,0.00000000e+00,1.08516436e+04,5.09973520e+05,4.43064888e+02,5.81119884e-01
5.00000000e+00,4.44750726e-01,0.00000000e+00,5.45995757e-02,1.46841522e-02,1.08509322e+04,5.10958413e+05,4.43794941e+02,5.74483759e-01
5.00000000e+00,4.28725481e-01,0.00000000e+00,5.26322611e-02,3.08297030e-02,1.08516933e+04,5.13425610e+05,4.45663133e+02,5.61330600e-01
5.00000000e+00,4.11278367e-01,5.16987883e-26,5.04903905e-02,4.84077972e-02,1.08541299e+04,5.16601681e+05,4.48110066e+02,5.48400559e-01
5.00000000e+00,3.92486155e-01,0.00000000e+00,4.81833927e-02,6.73410873e-02,1.08561346e+04,5.20167035e+05,4.50838956e+02,5.35887027e-01
5.00000000e+00,3.72477829e-01,0.00000000e+00,4.57271002e-02,8.74996206e-02,1.08580537e+04,5.24111882e+05,4.53799291e+02,5.24236106e-01
5.00000000e+00,3.51435304e-01,0.00000000e+00,4.31438461e-02,1.08700118e-01,1.08592149e+04,5.28387794e+05,4.56907011e+02,5.13848884e-01
5.00000000e+00,3.29589576e-01,0.00000000e+00,4.04619910e-02,1.30709847e-01,1.08584213e+04,5.32926353e+05,4.60075705e+02,5.05051789e-01
5.00000000e+00,3.07212591e-01,0.00000000e+00,3.77149135e-02,1.53254822e-01,1.08557847e+04,5.37711695e+05,4.63267290e+02,4.98099375e-01
5.00000000e+00,2.84604460e-01,0.00000000e+00,3.49394605e-02,1.76032678e-01,1.08508798e+04,5.42656197e+05,4.66338781e+02,4.92984878e-01
5.00000000e+00,2.62078047e-01,2.06795153e-25,3.21740434e-02,1.98728202e-01,1.08414836e+04,5.47540210e+05,4.69001502e+02,4.89405323e-01
5.00000000e+00,2.39941671e-01,0.00000000e+00,2.94565018e-02,2.21030761e-01,1.08228859e+04,5.51771204e+05,4.70646181e+02,4.86770551e-01
5.00000000e+00,2.18482539e-01,0.00000000e+00,2.68221032e-02,2.42650993e-01,1.07648306e+04,5.55628792e+05,4.69997866e+02,4.83027072e-01
5.00000000e+00,1.97952598e-01,0.00000000e+00,2.43017767e-02,2.63335057e-01,1.07313876e+04,5.55559118e+05,4.68134218e+02,4.81257321e-01
5.00000000e+00,1.78558066e-01,0.00000000e+00,2.19208356e-02,2.82875189e-01,1.06520831e+04,5.54079254e+05,4.62695692e+02,4.76743951e-01
5.00000000e+00,1.60453424e-01,0.00000000e+00,1.96982473e-02,3.01115748e-01,1.05435418e+04,5.49077992e+05,4.53157626e+02,4.69617481e-01
5.00000000e+00,1.43740192e-01,0.00000000e+00,1.76464729e-02,3.17954450e-01,1.04005348e+04,5.38397160e+05,4.38158084e+02,4.58651190e-01
5.00000000e+00,1.28469378e-01,0.00000000e+00,1.57717746e-02,3.33339906e-01,1.02257455e+04,5.21511941e+05,4.17782797e+02,4.43505378e-01
5.00000000e+00,1.14647120e-01,0.00000000e+00,1.40749058e-02,3.47265931e-01,1.00192015e+04,4.99882402e+05,3.93936826e+02,4.24635176e-01
5.00000000e+00,1.02242149e-01,0.00000000e+00,1.25520285e-02,3.59764029e-01,9.78035946e+03,4.74690518e+05,3.68367933e+02,4.02490700e-01
5.00000000e+00,9.11939517e-02,0.00000000e+00,1.11957137e-02,3.70895168e-01,9.53067436e+03,4.49050094e+05,3.43770594e+02,3.78791555e-01
5.00000000e+00,8.14209655e-02,0.00000000e+00,9.99594666e-03,3.80741523e-01,9.30004258e+03,4.26930876e+05,3.23432190e+02,3.56121440e-01
5.00000000e+00,7.28279725e-02,0.00000000e+00,8.94104131e-03,3.89399026e-01,9.10280262e+03,4.10147760e+05,3.08865643e+02,3.36175575e-01
5.00000000e+00,6.53124675e-02,0.00000000e+00,8.01841170e-03,3.96970952e-01,8.94444660e+03,3.98998913e+05,2.99981126e+02,3.19656217e-01
5.00000000e+00,5.87697774e-02,0.00000000e+00,7.21520837e-03,4.03562759e-01,8.87562365e+03,3.94796584e+05,2.96860235e+02,3.12275107e-01
5.00000000e+00,5.30969501e-02,0.00000000e+00,6.51879236e-03,4.09278174e-01,8.77360746e+03,3.91449819e+05,2.95863473e+02,2.94271612e-01
5.00000000e+00,4.81955446e-02,0.00000000e+00,5.91707882e-03,4.14216376e-01,8.78297077e+03,3.92836925e+05,2.99722337e+02,2.83919803e-01
5.00000000e+00,4.39734645e-02,0.00000000e+00,5.39876195e-03,4.18470152e-01,8.90029045e+03,3.99046445e+05,3.08028063e+02,2.76069040e-01
5.00000000e+00,4.03460413e-02,0.00000000e+00,4.95344633e-03,4.22124807e-01,9.12165828e+03,4.08864279e+05,3.19213170e+02,2.70577243e-01
5.00000000e+00,3.72364931e-02,0.00000000e+00,4.57170745e-03,4.25257700e-01,9.41470242e+03,4.21236272e+05,3.32588037e+02,2.66635856e-01
5.00000000e+00,3.45760100e-02,0.00000000e+00,4.24509728e-03,4.27938156e-01,9.80922153e+03,4.38472410e+05,3.49938517e+02,2.64165516e-01
5.00000000e+00,3.23034823e-02,0.00000000e+00,3.96611402e-03,4.30227744e-01,1.03191972e+04,4.60005152e+05,3.70545914e+02,2.62149533e-01
5.00000000e+00,3.03650629e-02,0.00000000e+00,3.72814690e-03,4.32180715e-01,1.09123239e+04,4.84237514e+05,3.93207691e+02,2.60019559e-01
5.00000000e+00,2.87136119e-02,0.00000000e+00,3.52540892e-03,4.33844564e-01,1.15836824e+04,5.11892902e+05,4.18539717e+02,2.58830695e-01
5.00000000e+00,2.73080822e-02,0.00000000e+00,3.35286139e-03,4.35260646e-01,1.23376267e+04,5.44535813e+05,4.47058090e+02,2.58725875e-01
5.00000000e+00,2.61128936e-02,0.00000000e+00,3.20613594e-03,4.36464807e-01,1.31485856e+04,5.80221369e+05,4.77895120e+02,2.58023764e-01
5.00000000e+00,2.50973199e-02,0.00000000e+00,3.08146048e-03,4.37488005e-01,1.44501673e+04,6.37751340e+05,5.27507840e+02,2.55010077e-01
5.00000000e+00,2.42349096e-02,0.00000000e+00,2.97558773e-03,4.38356889e-01,1.48985458e+04,6.57732764e+05,5.44257303e+02,2.53781201e-01
5.00000000e+00,2.35029534e-02,0.00000000e+00,2.88573024e-03,4.39094341e-01,1.57824328e+04,6.98173706e+05,5.78270822e+02,2.51264519e-01
5.00000000e+00,2.28819996e-02,0.00000000e+00,2.80949986e-03,4.39719956e-01,1.66262007e+04,7.39240934e+05,6.13543410e+02,2.48035218e-01
5.00000000e+00,2.23554168e-02,0.00000000e+00,2.74485489e-03,4.40250492e-01,1.74162566e+04,7.80396513e+05,6.50272933e+02,2.43754336e-01
5.00000000e+00,2.19090097e-02,0.00000000e+00,2.69005215e-03,4.40700250e-01,1.81484991e+04,8.20745759e+05,6.88204719e+02,2.39203171e-01
5.00000000e+00,2.15306729e-02,0.00000000e+00,2.64360639e-03,4.41081427e-01,1.88160854e+04,8.60297267e+05,7.28088779e+02,2.34963269e-01
5.00000000e+00,2.12101042e-02,0.00000000e+00,2.60425219e-03,4.41404403e-01,1.94211139e+04,8.99822882e+05,7.71170730e+02,2.30913098e-01
5.00000000e+00,2.09385343e-02,0.00000000e+00,2.57091341e-03,4.41678011e-01,1.99716422e+04,9.39496749e+05,8.18542012e+02,2.27330282e-01
5.00000000e+00,2.07085144e-02,0.00000000e+00,2.54267547e-03,4.41909758e-01,2.04742285e+04,9.81146090e+05,8.75716739e+02,2.25168874e-01
5.00000000e+00,2.05137152e-02,0.00000000e+00,2.51876120e-03,4.42106020e-01,2.09907107e+04,1.02996032e+06,9.52325587e+02,2.25570959e-01
5.00000000e+00,2.03487631e-02,0.00000000e+00,2.49851099e-03,4.42272210e-01,2.16783620e+04,1.09631987e+06,1.06746499e+03,2.31052146e-01
5.00000000e+00,2.02091001e-02,0.00000000e+00,2.48136511e-03,4.42412922e-01,2.20894756e+04,1.13561608e+06,1.13820763e+03,2.35530596e-01
6.00000000e+00,2.02091001e-02,0.00000000e+00,2.48136511e-03,0.00000000e+00,2.43907707e+04,1.28963958e+06,1.33845848e+03,2.58571853e-01
6.00000000e+00,2.00971197e-02,0.00000000e+00,2.46503553e-03,1.13164734e-04,2.63952310e+04,1.38668266e+06,1.41794729e+03,2.72828747e-01
6.00000000e+00,1.99859943e-02,0.00000000e+00,2.44365470e-03,2.26328318e-04,3.07687025e+04,1.57919335e+06,1.55483773e+03,3.00545375e-01
6.00000000e+00,1.98759492e-02,0.00000000e+00,2.41726707e-03,3.39492913e-04,3.57959153e+04,1.78357490e+06,1.67119504e+03,3.28528375e-01
6.00000000e+00,1.97672118e-02,0.00000000e+00,2.38592667e-03,4.52656796e-04,4.14522624e+04,2.01129674e+06,1.79056438e+03,3.58906005e-01
6.00000000e+00,1.96600035e-02,0.00000000e+00,2.34969729e-03,5.65821192e-04,4.77727076e+04,2.25762920e+06,1.91039064e+03,3.91601031e-01
6.00000000e+00,1.95545442e-02,0.00000000e+00,2.30865367e-03,6.78985809e-04,5.48126879e+04,2.52416803e+06,2.02870041e+03,4.26575309e-01
6.00000000e+00,1.94510520e-02,0.00000000e+00,2.26287940e-03,7.92149133e-04,6.25560133e+04,2.80594881e+06,2.14183276e+03,4.63677459e-01
6.00000000e+00,1.93497371e-02,0.00000000e+00,2.21246877e-03,9.05312430e-04,6.65816563e+04,2.94871524e+06,2.19606793e+03,4.82645977e-01
6.00000000e+00,1.92508064e-02,0.00000000e+00,2.15752493e-03,1.01847649e-03,8.03053664e+04,3.42636746e+06,2.35029211e+03,5.46279428e-01
6.00000000e+00,1.91544630e-02,0.00000000e+00,2.09816010e-03,1.13164117e-03,9.02843023e+04,3.75913788e+06,2.44050074e+03,5.91508846e-01
6.00000000e+00,1.90609060e-02,0.00000000e+00,2.03449652e-03,1.24480456e-03,1.01002171e+05,4.10701715e+06,2.51911268e+03,6.39252836e-01
6.00000000e+00,1.89703237e-02,0.00000000e+00,1.96666410e-03,1.35796987e-03,1.12360412e+05,4.46285685e+06,2.58172350e+03,6.88669257e-01
6.00000000e+00,1.88829061e-02,0.00000000e+00,1.89480197e-03,1.47113353e-03,1.24310822e+05,4.82595558e+06,2.62894696e+03,7.39473954e-01
6.00000000e+00,1.87988300e-02,0.00000000e+00,1.81905751e-03,1.58429717e-03,1.36748982e+05,5.18794714e+06,2.65784499e+03,7.90743097e-01
6.00000000e+00,1.87182669e-02,0.00000000e+00,1.73958577e-03,1.69746154e-03,1.49711806e+05,5.54661003e+06,2.66480429e+03,8.41515597e-01
6.00000000e+00,1.86413825e-02,0.00000000e+00,1.65654975e-03,1.81062599e-03,1.56324242e+05,5.72375481e+06,2.66117570e+03,8.66464462e-01
7.00000000e+00,1.86413825e-02,0.00000000e+00,1.65654975e-03,0.00000000e+00,1.70195079e+05,6.15274648e+06,2.63793049e+03,8.96574180e-01
7.00000000e+00,1.85683370e-02,0.00000000e+00,1.57011976e-03,1.13162661e-04,1.76657534e+05,6.31696699e+06,2.61579171e+03,9.00268916e-01
7.00000000e+00,1.84992757e-02,0.00000000e+00,1.48047251e-03,2.26326664e-04,1.89776609e+05,6.65739480e+06,2.56653980e+03,9.07475693e-01
7.00000000e+00,1.84343420e-02,0.00000000e+00,1.38779148e-03,3.39490949e-04,2.03055653e+05,7.00683394e+06,2.49907310e+03,9.12277777e-01
7.00000000e+00,1.83736682e-02,0.00000000e+00,1.29226700e-03,4.52655590e-04,2.16182537e+05,7.34501872e+06,2.40655673e+03,9.12665050e-01
7.00000000e+00,1.83173809e-02,0.00000000e+00,1.19409489e-03,5.65819278e-04,2.28972815e+05,7.66517177e+06,2.29154413e+03,9.08444307e-01
7.00000000e+00,1.82655938e-02,0.00000000e+00,1.09347608e-03,6.78983102e-04,2.41250389e+05,7.96557224e+06,2.15605126e+03,8.98987840e-01
7.00000000e+00,1.82184130e-02,0.00000000e+00,9.90616856e-04,7.92146912e-04,2.52864314e+05,8.24367109e+06,2.00144050e+03,8.83543307e-01
7.00000000e+00,1.82113666e-02,0.00000000e+00,9.73217597e-04,8.10918853e-04,2.53796934e+05,8.26571663e+06,1.98784349e+03,8.81999597e-01
7.00000000e+00,1.81759354e-02,0.00000000e+00,8.85727699e-04,9.05310880e-04,2.68861971e+05,8.61583147e+06,1.73760819e+03,8.48313553e-01
7.00000000e+00,1.81382466e-02,0.00000000e+00,7.79023685e-04,1.01847532e-03,2.73539497e+05,8.72167911e+06,1.63867841e+03,8.31006211e-01
7.00000000e+00,1.81054268e-02,0.00000000e+00,6.70723501e-04,1.13163922e-03,2.82311357e+05,8.91860392e+06,1.43459089e+03,7.91610837e-01
7.00000000e+00,1.80775411e-02,0.00000000e+00,5.61049092e-04,1.24480320e-03,2.89875849e+05,9.08722820e+06,1.22034311e+03,7.42345747e-01
7.00000000e+00,1.80546474e-02,0.00000000e+00,4.50225052e-04,1.35796721e-03,2.96177188e+05,9.23121170e+06,1.00004576e+03,6.82124833e-01
7.00000000e+00,1.80367921e-02,0.00000000e+00,3.38478480e-04,1.47113129e-03,3.01187422e+05,9.35721399e+06,7.76280817e+02,6.08170388e-01
7.00000000e+00,1.80240124e-02,0.00000000e+00,2.26038363e-04,1.58429532e-03,3.04846830e+05,9.46065880e+06,5.53747676e+02,5.17151121e-01
7.00000000e+00,1.80163346e-02,0.00000000e+00,1.13135073e-04,1.69745937e-03,3.07168494e+05,9.51409248e+06,3.44313485e+02,4.04796163e-01
7.00000000e+00,1.80137735e-02,0.00000000e+00,0.00000000e+00,1.81062343e-03,3.08009811e+05,9.52364819e+06,2.44853677e+02,3.42549096e-01
