"ObjectId","Points:0","Points:1","Points:2","arc_length","pressure","wall-heat-flux","wall-tau-mag","wall-y_plus"
1.00000000e+00,1.72169995e+00,2.04600006e-01,9.99999972e-10,0.00000000e+00,1.68609240e+04,6.58046191e+05,6.09097158e+02,3.01796892e-01
1.00000000e+00,1.72482502e+00,2.04600006e-01,9.99999972e-10,3.12507153e-03,1.57750383e+04,5.39513525e+05,4.81107059e+02,2.72041737e-01
1.00000000e+00,1.72794998e+00,2.04600006e-01,9.99999972e-10,6.25002384e-03,1.41079209e+04,3.78842541e+05,3.13764481e+02,2.35032826e-01
1.00000000e+00,1.73107505e+00,2.04600006e-01,9.99999972e-10,9.37509537e-03,1.31144990e+04,3.22629236e+05,2.63189287e+02,2.30060820e-01
1.00000000e+00,1.73420000e+00,2.04600006e-01,9.99999972e-10,1.25000477e-02,1.23843736e+04,3.03751282e+05,2.46571149e+02,2.36794942e-01
1.00000000e+00,1.73732495e+00,2.04600006e-01,9.99999972e-10,1.56250000e-02,1.18051886e+04,2.95816848e+05,2.38144104e+02,2.46598092e-01
1.00000000e+00,1.74045002e+00,2.04600006e-01,9.99999972e-10,1.87500715e-02,1.13183231e+04,2.89524488e+05,2.32721566e+02,2.57392709e-01
1.00000000e+00,1.74357498e+00,2.04600006e-01,9.99999972e-10,2.18750238e-02,1.08934150e+04,2.83096609e+05,2.27967743e+02,2.68050375e-01
1.00000000e+00,1.74670005e+00,2.04600006e-01,9.99999972e-10,2.50000954e-02,1.03382224e+04,2.73408180e+05,2.20999158e+02,2.83283211e-01
1.00000000e+00,1.74982500e+00,2.04600006e-01,9.99999972e-10,2.81250477e-02,1.01774645e+04,2.70291311e+05,2.18791359e+02,2.88115992e-01
1.00000000e+00,1.75294995e+00,2.04600006e-01,9.99999972e-10,3.12500000e-02,9.87024465e+03,2.64166764e+05,2.14425328e+02,2.97584659e-01
1.00000000e+00,1.75607502e+00,2.04600006e-01,9.99999972e-10,3.43750715e-02,9.59289039e+03,2.58385373e+05,2.10256448e+02,3.06795477e-01
1.00000000e+00,1.75919998e+00,2.04600006e-01,9.99999972e-10,3.75000238e-02,9.34263320e+03,2.52961196e+05,2.06300315e+02,3.15810417e-01
1.00000000e+00,1.76232505e+00,2.04600006e-01,9.99999972e-10,4.06250954e-02,9.11710587e+03,2.48099568e+05,2.02778626e+02,3.24865352e-01
1.00000000e+00,1.76545000e+00,2.04600006e-01,9.99999972e-10,4.37500477e-02,8.91293146e+03,2.43848962e+05,2.00075357e+02,3.34324178e-01
1.00000000e+00,1.76857495e+00,2.04600006e-01,9.99999972e-10,4.68750000e-02,8.70204901e+03,2.37444146e+05,1.94454432e+02,3.40529652e-01
1.00000000e+00,1.77170002e+00,2.04600006e-01,9.99999972e-10,5.00000715e-02,8.58917859e+03,2.33078771e+05,1.89960572e+02,3.41891227e-01
1.00000000e+00,1.77170002e+00,-2.04600006e-01,9.99999972e-10,0.00000000e+00,1.14350354e+04,3.00525438e+05,2.42560496e+02,4.43019222e-01
1.00000000e+00,1.76857495e+00,-2.04600006e-01,9.99999972e-10,3.12507153e-03,1.15479648e+04,3.05094563e+05,2.47182358e+02,4.39639656e-01
1.00000000e+00,1.76545000e+00,-2.04600006e-01,9.99999972e-10,6.25002384e-03,1.17606322e+04,3.11600933e+05,2.52890217e+02,4.29272792e-01
1.00000000e+00,1.76232505e+00,-2.04600006e-01,9.99999972e-10,9.37497616e-03,1.19655483e+04,3.15645526e+05,2.55523629e+02,4.15491140e-01
1.00000000e+00,1.75919998e+00,-2.04600006e-01,9.99999972e-10,1.25000477e-02,1.21916829e+04,3.20349553e+05,2.59042325e+02,4.02156843e-01
1.00000000e+00,1.75607502e+00,-2.04600006e-01,9.99999972e-10,1.56250000e-02,1.24441046e+04,3.25614281e+05,2.63006132e+02,3.88886376e-01
1.00000000e+00,1.75294995e+00,-2.04600006e-01,9.99999972e-10,1.87500715e-02,1.27245650e+04,3.31242201e+05,2.67220040e+02,3.75440976e-01
1.00000000e+00,1.74982500e+00,-2.04600006e-01,9.99999972e-10,2.18750238e-02,1.30398381e+04,3.37367307e+05,2.71781792e+02,3.61883641e-01
1.00000000e+00,1.74670005e+00,-2.04600006e-01,9.99999972e-10,2.49999762e-02,1.33918999e+04,3.43849718e+05,2.76607191e+02,3.48057078e-01
1.00000000e+00,1.74357498e+00,-2.04600006e-01,9.99999972e-10,2.81250477e-02,1.37912313e+04,3.50738664e+05,2.81768830e+02,3.34000700e-01
1.00000000e+00,1.74045002e+00,-2.04600006e-01,9.99999972e-10,3.12500000e-02,1.42468737e+04,3.57804140e+05,2.87067655e+02,3.19554991e-01
1.00000000e+00,1.73732495e+00,-2.04600006e-01,9.99999972e-10,3.43750715e-02,1.47698463e+04,3.64611831e+05,2.92851716e+02,3.04836385e-01
1.00000000e+00,1.73420000e+00,-2.04600006e-01,9.99999972e-10,3.75000238e-02,1.53959444e+04,3.72223792e+05,3.01473836e+02,2.91043523e-01
1.00000000e+00,1.73107505e+00,-2.04600006e-01,9.99999972e-10,4.06249762e-02,1.61959811e+04,3.91389171e+05,3.19167077e+02,2.80763681e-01
1.00000000e+00,1.72794998e+00,-2.04600006e-01,9.99999972e-10,4.37500477e-02,1.72952713e+04,4.58443221e+05,3.79048482e+02,2.85147881e-01
1.00000000e+00,1.72482502e+00,-2.04600006e-01,9.99999972e-10,4.68750000e-02,1.91559427e+04,6.79559708e+05,6.02259009e+02,3.32972083e-01
1.00000000e+00,1.72169995e+00,-2.04600006e-01,9.99999972e-10,5.00000715e-02,2.03721400e+04,8.48489547e+05,7.77821099e+02,3.72579938e-01
2.00000000e+00,1.61800003e+00,1.37250006e-01,9.99999972e-10,0.00000000e+00,1.56579378e+04,3.82775762e+05,9.53813049e+01,1.09120186e-01
2.00000000e+00,1.62059247e+00,1.38933748e-01,9.99999972e-10,3.09123835e-03,1.76357522e+04,4.28097446e+05,7.86829367e+01,1.03647816e-01
2.00000000e+00,1.62318504e+00,1.40617505e-01,9.99999972e-10,6.18258479e-03,2.19985346e+04,5.11467936e+05,3.92844230e+01,7.73317688e-02
2.00000000e+00,1.62577748e+00,1.42301247e-01,9.99999972e-10,9.27382315e-03,2.67848207e+04,5.89554085e+05,2.68778984e+01,7.43921319e-02
2.00000000e+00,1.62837005e+00,1.43985003e-01,9.99999972e-10,1.23651696e-02,3.13846937e+04,6.58342265e+05,6.28084756e+01,1.22372324e-01
2.00000000e+00,1.63096249e+00,1.45668745e-01,9.99999972e-10,1.54564079e-02,3.56120339e+04,7.07946235e+05,1.10327593e+02,1.74761503e-01
2.00000000e+00,1.63355505e+00,1.47352502e-01,9.99999972e-10,1.85477544e-02,3.95396551e+04,7.45410572e+05,1.49894453e+02,2.14818510e-01
2.00000000e+00,1.63614750e+00,1.49036244e-01,9.99999972e-10,2.16389927e-02,4.33164732e+04,7.79186564e+05,1.83169811e+02,2.48395628e-01
2.00000000e+00,1.63873994e+00,1.50720000e-01,9.99999972e-10,2.47302392e-02,4.70385210e+04,8.15616243e+05,2.13499632e+02,2.79177887e-01
2.00000000e+00,1.64133251e+00,1.52403757e-01,9.99999972e-10,2.78215856e-02,5.07428830e+04,8.59402867e+05,2.43575578e+02,3.09307834e-01
2.00000000e+00,1.64392495e+00,1.54087499e-01,9.99999972e-10,3.09128240e-02,5.63364794e+04,9.39075649e+05,2.90811347e+02,3.55298920e-01
2.00000000e+00,1.64651752e+00,1.55771255e-01,9.99999972e-10,3.40041704e-02,5.82067434e+04,9.67539840e+05,3.06715625e+02,3.70543405e-01
2.00000000e+00,1.64910996e+00,1.57454997e-01,9.99999972e-10,3.70954088e-02,6.19522731e+04,1.02482752e+06,3.38331940e+02,4.00815852e-01
2.00000000e+00,1.65170252e+00,1.59138754e-01,9.99999972e-10,4.01867552e-02,6.56938235e+04,1.08258222e+06,3.69734853e+02,4.30730348e-01
2.00000000e+00,1.65429497e+00,1.60822496e-01,9.99999972e-10,4.32779936e-02,6.93922442e+04,1.14026477e+06,4.01221537e+02,4.60362936e-01
2.00000000e+00,1.65688753e+00,1.62506253e-01,9.99999972e-10,4.63693400e-02,7.29857610e+04,1.19748083e+06,4.33171074e+02,4.89737011e-01
2.00000000e+00,1.65947998e+00,1.64189994e-01,9.99999972e-10,4.94605784e-02,7.63901319e+04,1.25373495e+06,4.66045765e+02,5.18826010e-01
2.00000000e+00,1.66207254e+00,1.65873751e-01,9.99999972e-10,5.25519248e-02,7.94964857e+04,1.30770615e+06,4.99788130e+02,5.47220205e-01
2.00000000e+00,1.66466498e+00,1.67557493e-01,9.99999972e-10,5.56431632e-02,8.22253676e+04,1.35826343e+06,5.33861837e+02,5.74334681e-01
2.00000000e+00,1.66725755e+00,1.69241250e-01,9.99999972e-10,5.87345096e-02,8.45514394e+04,1.40501577e+06,5.67636210e+02,5.99717634e-01
2.00000000e+00,1.66984999e+00,1.70925006e-01,9.99999972e-10,6.18257561e-02,8.73704737e+04,1.46863834e+06,6.17252841e+02,6.34565001e-01
2.00000000e+00,1.67244256e+00,1.72608748e-01,9.99999972e-10,6.49170944e-02,8.80601428e+04,1.48697347e+06,6.32942135e+02,6.44735442e-01
2.00000000e+00,1.67503500e+00,1.74292505e-01,9.99999972e-10,6.80083409e-02,8.92940684e+04,1.52175140e+06,6.63508821e+02,6.64056051e-01
2.00000000e+00,1.67762744e+00,1.75976247e-01,9.99999972e-10,7.10995792e-02,9.02498698e+04,1.55289276e+06,6.92573309e+02,6.81447701e-01
2.00000000e+00,1.68022001e+00,1.77660003e-01,9.99999972e-10,7.41909257e-02,9.09475002e+04,1.58016949e+06,7.19757696e+02,6.96821344e-01
2.00000000e+00,1.68281245e+00,1.79343745e-01,9.99999972e-10,7.72821640e-02,9.14471851e+04,1.60409572e+06,7.44996353e+02,7.10384661e-01
2.00000000e+00,1.68540502e+00,1.81027502e-01,9.99999972e-10,8.03735105e-02,9.17862339e+04,1.62510188e+06,7.68529852e+02,7.22413411e-01
2.00000000e+00,1.68799746e+00,1.82711244e-01,9.99999972e-10,8.34647488e-02,9.19812000e+04,1.64301503e+06,7.90055067e+02,7.32857543e-01
2.00000000e+00,1.69059002e+00,1.84395000e-01,9.99999972e-10,8.65560953e-02,9.20928451e+04,1.65883843e+06,8.09872776e+02,7.42101155e-01
2.00000000e+00,1.69318247e+00,1.86078757e-01,9.99999972e-10,8.96473417e-02,9.21320440e+04,1.67257927e+06,8.28138903e+02,7.50283437e-01
2.00000000e+00,1.69577503e+00,1.87762499e-01,9.99999972e-10,9.27386801e-02,9.20940577e+04,1.69000876e+06,8.52860014e+02,7.60865082e-01
2.00000000e+00,1.69836748e+00,1.89446256e-01,9.99999972e-10,9.58299265e-02,9.20641878e+04,1.69499894e+06,8.60223968e+02,7.63898941e-01
2.00000000e+00,1.70096004e+00,1.91129997e-01,9.99999972e-10,9.89212648e-02,9.19963525e+04,1.70435933e+06,8.74383060e+02,7.69665663e-01
2.00000000e+00,1.70355248e+00,1.92813754e-01,9.99999972e-10,1.02012511e-01,9.19124090e+04,1.71260600e+06,8.87472162e+02,7.74863751e-01
2.00000000e+00,1.70614505e+00,1.94497496e-01,9.99999972e-10,1.05103850e-01,9.18150902e+04,1.71989623e+06,8.99588842e+02,7.79555115e-01
2.00000000e+00,1.70873749e+00,1.96181253e-01,9.99999972e-10,1.08195096e-01,9.17117919e+04,1.72640118e+06,9.10791821e+02,7.83802333e-01
2.00000000e+00,1.71133006e+00,1.97864994e-01,9.99999972e-10,1.11286434e-01,9.16079537e+04,1.73211471e+06,9.21146024e+02,7.87665264e-01
2.00000000e+00,1.71392250e+00,1.99548751e-01,9.99999972e-10,1.14377681e-01,9.14916038e+04,1.73743755e+06,9.31784466e+02,7.91570537e-01
2.00000000e+00,1.71651495e+00,2.01232493e-01,9.99999972e-10,1.17468919e-01,9.11521692e+04,1.74662839e+06,9.49359828e+02,7.97282317e-01
2.00000000e+00,1.71910751e+00,2.02916250e-01,9.99999972e-10,1.20560266e-01,8.95123994e+04,1.74438368e+06,9.95608618e+02,8.08918144e-01
2.00000000e+00,1.72169995e+00,2.04600006e-01,9.99999972e-10,1.23651512e-01,8.81475951e+04,1.73564861e+06,1.02994655e+03,8.16905612e-01
2.00000000e+00,1.72169995e+00,-2.04600006e-01,9.99999972e-10,0.00000000e+00,1.19923072e+05,2.35912453e+06,1.44628395e+03,1.10945328e+00
2.00000000e+00,1.71910751e+00,-2.02916250e-01,9.99999972e-10,3.09124647e-03,1.21523446e+05,2.39582814e+06,1.43052982e+03,1.10952809e+00
2.00000000e+00,1.71651495e+00,-2.01232493e-01,9.99999972e-10,6.18259291e-03,1.23306675e+05,2.42878455e+06,1.40715799e+03,1.10754409e+00
2.00000000e+00,1.71392250e+00,-1.99548751e-01,9.99999972e-10,9.27383126e-03,1.23492690e+05,2.42559540e+06,1.39667801e+03,1.10435419e+00
2.00000000e+00,1.71133006e+00,-1.97864994e-01,9.99999972e-10,1.23650777e-02,1.23491630e+05,2.42657915e+06,1.39171533e+03,1.10236290e+00
2.00000000e+00,1.70873749e+00,-1.96181253e-01,9.99999972e-10,1.54564161e-02,1.23492265e+05,2.42734269e+06,1.38740439e+03,1.10064062e+00
2.00000000e+00,1.70614505e+00,-1.94497496e-01,9.99999972e-10,1.85476625e-02,1.23520198e+05,2.42824188e+06,1.38282448e+03,1.09892614e+00
2.00000000e+00,1.70355248e+00,-1.92813754e-01,9.99999972e-10,2.16390009e-02,1.23567780e+05,2.42910061e+06,1.37775447e+03,1.09710162e+00
2.00000000e+00,1.70096004e+00,-1.91129997e-01,9.99999972e-10,2.47302473e-02,1.23621464e+05,2.42965931e+06,1.37214597e+03,1.09509390e+00
2.00000000e+00,1.69836748e+00,-1.89446256e-01,9.99999972e-10,2.78215856e-02,1.23682975e+05,2.42997594e+06,1.36602204e+03,1.09291626e+00
2.00000000e+00,1.69577503e+00,-1.87762499e-01,9.99999972e-10,3.09128321e-02,1.23753775e+05,2.42997094e+06,1.35927398e+03,1.09053209e+00
2.00000000e+00,1.69318247e+00,-1.86078757e-01,9.99999972e-10,3.40041704e-02,1.23828793e+05,2.42955830e+06,1.35179594e+03,1.08787657e+00
2.00000000e+00,1.69059002e+00,-1.84395000e-01,9.99999972e-10,3.70954169e-02,1.23865338e+05,2.42920597e+06,1.34784989e+03,1.08646321e+00
2.00000000e+00,1.68799746e+00,-1.82711244e-01,9.99999972e-10,4.01867633e-02,1.23971285e+05,2.42697425e+06,1.33446305e+03,1.08159113e+00
2.00000000e+00,1.68540502e+00,-1.81027502e-01,9.99999972e-10,4.32780017e-02,1.24067733e+05,2.42496485e+06,1.32456330e+03,1.07805665e+00
2.00000000e+00,1.68281245e+00,-1.79343745e-01,9.99999972e-10,4.63693481e-02,1.24208625e+05,2.42269979e+06,1.31358773e+03,1.07426312e+00
2.00000000e+00,1.68022001e+00,-1.77660003e-01,9.99999972e-10,4.94605865e-02,1.24372427e+05,2.41959078e+06,1.30114314e+03,1.06996446e+00
2.00000000e+00,1.67762744e+00,-1.75976247e-01,9.99999972e-10,5.25519329e-02,1.24528386e+05,2.41531220e+06,1.28709681e+03,1.06497176e+00
2.00000000e+00,1.67503500e+00,-1.74292505e-01,9.99999972e-10,5.56431713e-02,1.24672753e+05,2.40964036e+06,1.27143202e+03,1.05925562e+00
2.00000000e+00,1.67244256e+00,-1.72608748e-01,9.99999972e-10,5.87344178e-02,1.24841397e+05,2.40262503e+06,1.25398705e+03,1.05288315e+00
2.00000000e+00,1.66984999e+00,-1.70925006e-01,9.99999972e-10,6.18257561e-02,1.25078605e+05,2.39446562e+06,1.23422058e+03,1.04578225e+00
2.00000000e+00,1.66725755e+00,-1.69241250e-01,9.99999972e-10,6.49170025e-02,1.25345347e+05,2.38402010e+06,1.21118471e+03,1.03738209e+00
2.00000000e+00,1.66466498e+00,-1.67557493e-01,9.99999972e-10,6.80083490e-02,1.25563980e+05,2.37028401e+06,1.18438218e+03,1.02712529e+00
2.00000000e+00,1.66207254e+00,-1.65873751e-01,9.99999972e-10,7.10995873e-02,1.25739778e+05,2.34260078e+06,1.13694445e+03,1.00785327e+00
2.00000000e+00,1.65947998e+00,-1.64189994e-01,9.99999972e-10,7.41909338e-02,1.25728334e+05,2.33033343e+06,1.11776979e+03,9.99576704e-01
2.00000000e+00,1.65688753e+00,-1.62506253e-01,9.99999972e-10,7.72821721e-02,1.25583082e+05,2.30160148e+06,1.07593416e+03,9.80898362e-01
2.00000000e+00,1.65429497e+00,-1.60822496e-01,9.99999972e-10,8.03735186e-02,1.25091500e+05,2.26363897e+06,1.02669911e+03,9.57312387e-01
2.00000000e+00,1.65170252e+00,-1.59138754e-01,9.99999972e-10,8.34647569e-02,1.24051021e+05,2.21450748e+06,9.69552527e+02,9.27664909e-01
2.00000000e+00,1.64910996e+00,-1.57454997e-01,9.99999972e-10,8.65561034e-02,1.22204131e+05,2.15168339e+06,9.04064837e+02,8.90636601e-01
2.00000000e+00,1.64651752e+00,-1.55771255e-01,9.99999972e-10,8.96473417e-02,1.19295547e+05,2.07341117e+06,8.30575736e+02,8.45282700e-01
2.00000000e+00,1.64392495e+00,-1.54087499e-01,9.99999972e-10,9.27386882e-02,1.15079758e+05,1.97837333e+06,7.50072876e+02,7.91044384e-01
2.00000000e+00,1.64133251e+00,-1.52403757e-01,9.99999972e-10,9.58299265e-02,1.09374060e+05,1.86655752e+06,6.64532177e+02,7.28163755e-01
2.00000000e+00,1.63873994e+00,-1.50720000e-01,9.99999972e-10,9.89212730e-02,1.02187839e+05,1.74026068e+06,5.76966716e+02,6.58174142e-01
2.00000000e+00,1.63614750e+00,-1.49036244e-01,9.99999972e-10,1.02012519e-01,9.37921465e+04,1.60477416e+06,4.90483620e+02,5.83632641e-01
2.00000000e+00,1.63355505e+00,-1.47352502e-01,9.99999972e-10,1.05103758e-01,8.46796849e+04,1.47234649e+06,4.08146431e+02,5.07803177e-01
2.00000000e+00,1.63096249e+00,-1.45668745e-01,9.99999972e-10,1.08195104e-01,7.52976125e+04,1.36099991e+06,3.31087971e+02,4.32657434e-01
2.00000000e+00,1.62837005e+00,-1.43985003e-01,9.99999972e-10,1.11286343e-01,6.56969326e+04,1.26565687e+06,2.51783876e+02,3.53127317e-01
2.00000000e+00,1.62577748e+00,-1.42301247e-01,9.99999972e-10,1.14377689e-01,5.55141184e+04,1.15591974e+06,1.60589038e+02,2.58806811e-01
2.00000000e+00,1.62318504e+00,-1.40617505e-01,9.99999972e-10,1.17468927e-01,4.46911003e+04,1.01494472e+06,6.20886085e+01,1.34352171e-01
2.00000000e+00,1.62059247e+00,-1.38933748e-01,9.99999972e-10,1.20560274e-01,3.44239034e+04,8.38293518e+05,4.23285451e+01,9.55162551e-02
2.00000000e+00,1.61800003e+00,-1.37250006e-01,9.99999972e-10,1.23651512e-01,2.96841983e+04,7.40254948e+05,7.19275155e+01,1.29045243e-01
3.00000000e+00,1.61800003e+00,-1.37250006e-01,9.99999972e-10,0.00000000e+00,1.01433093e+04,2.74307909e+05,1.09328789e+02,9.49370396e-02
3.00000000e+00,1.61492002e+00,-1.37250006e-01,9.99999972e-10,3.08001041e-03,8.72731633e+03,2.27046050e+05,5.54282651e+01,5.23069263e-02
3.00000000e+00,1.61183655e+00,-1.37250006e-01,9.99999972e-10,6.16347790e-03,6.29349130e+03,1.78529902e+05,5.72433789e+01,4.06221005e-02
3.00000000e+00,1.60874641e+00,-1.37250006e-01,9.99999972e-10,9.25362110e-03,5.06737638e+03,1.85717863e+05,1.41957119e+02,7.85282649e-02
3.00000000e+00,1.60564613e+00,-1.37250006e-01,9.99999972e-10,1.23538971e-02,4.84139649e+03,1.95989941e+05,1.74632142e+02,8.67647571e-02
3.00000000e+00,1.60253227e+00,-1.37250006e-01,9.99999972e-10,1.54677629e-02,4.82136533e+03,1.97970539e+05,1.78595827e+02,8.86225871e-02
3.00000000e+00,1.59940147e+00,-1.37250006e-01,9.99999972e-10,1.85985565e-02,4.81790578e+03,1.98097453e+05,1.78885672e+02,8.97311840e-02
3.00000000e+00,1.59625030e+00,-1.37250006e-01,9.99999972e-10,2.17497349e-02,4.81576029e+03,1.98035042e+05,1.78868555e+02,9.07822326e-02
3.00000000e+00,1.59307528e+00,-1.37250006e-01,9.99999972e-10,2.49247551e-02,4.81373303e+03,1.97956768e+05,1.78826263e+02,9.18348676e-02
3.00000000e+00,1.58987296e+00,-1.37250006e-01,9.99999972e-10,2.81270742e-02,4.81172193e+03,1.97877288e+05,1.78782314e+02,9.28951557e-02
3.00000000e+00,1.58663976e+00,-1.37250006e-01,9.99999972e-10,3.13602686e-02,4.80971662e+03,1.97798042e+05,1.78739197e+02,9.39648375e-02
3.00000000e+00,1.58337235e+00,-1.37250006e-01,9.99999972e-10,3.46276760e-02,4.80771599e+03,1.97719229e+05,1.78697169e+02,9.50451906e-02
3.00000000e+00,1.58006680e+00,-1.37250006e-01,9.99999972e-10,3.79332304e-02,4.80572224e+03,1.97640880e+05,1.78656261e+02,9.61374809e-02
3.00000000e+00,1.57671976e+00,-1.37250006e-01,9.99999972e-10,4.12802696e-02,4.80373944e+03,1.97563144e+05,1.78616646e+02,9.72430431e-02
3.00000000e+00,1.57332754e+00,-1.37250006e-01,9.99999972e-10,4.46724892e-02,4.80079458e+03,1.97447967e+05,1.78559902e+02,9.89272024e-02
3.00000000e+00,1.56988633e+00,-1.37250006e-01,9.99999972e-10,4.81137037e-02,4.79983001e+03,1.97410365e+05,1.78542261e+02,9.94995652e-02
3.00000000e+00,1.56639230e+00,-1.37250006e-01,9.99999972e-10,5.16077280e-02,4.79791950e+03,1.97335981e+05,1.78508136e+02,1.00653461e-01
3.00000000e+00,1.56284177e+00,-1.37250006e-01,9.99999972e-10,5.51582575e-02,4.79605173e+03,1.97263415e+05,1.78476486e+02,1.01826474e-01
3.00000000e+00,1.55923080e+00,-1.37250006e-01,9.99999972e-10,5.87692261e-02,4.79423845e+03,1.97193126e+05,1.78447730e+02,1.03020207e-01
3.00000000e+00,1.55555546e+00,-1.37250006e-01,9.99999972e-10,6.24445677e-02,4.79249261e+03,1.97125625e+05,1.78422286e+02,1.04236312e-01
3.00000000e+00,1.55181170e+00,-1.37250006e-01,9.99999972e-10,6.61883354e-02,4.79082788e+03,1.97061424e+05,1.78400562e+02,1.05476481e-01
3.00000000e+00,1.54799533e+00,-1.37250006e-01,9.99999972e-10,7.00047016e-02,4.78925806e+03,1.97001081e+05,1.78383003e+02,1.06742457e-01
3.00000000e+00,1.54410231e+00,-1.37250006e-01,9.99999972e-10,7.38977194e-02,4.78779608e+03,1.96945076e+05,1.78369945e+02,1.08035985e-01
3.00000000e+00,1.54012823e+00,-1.37250006e-01,9.99999972e-10,7.78717995e-02,4.78645404e+03,1.96893900e+05,1.78361775e+02,1.09358859e-01
3.00000000e+00,1.53606892e+00,-1.37250006e-01,9.99999972e-10,8.19311142e-02,4.78524160e+03,1.96848011e+05,1.78358787e+02,1.10712862e-01
3.00000000e+00,1.53191972e+00,-1.37250006e-01,9.99999972e-10,8.60803127e-02,4.78416330e+03,1.96807568e+05,1.78360986e+02,1.12099673e-01
3.00000000e+00,1.52767622e+00,-1.37250006e-01,9.99999972e-10,9.03238058e-02,4.78321912e+03,1.96772591e+05,1.78368428e+02,1.13520976e-01
3.00000000e+00,1.52333367e+00,-1.37250006e-01,9.99999972e-10,9.46663618e-02,4.78240389e+03,1.96742998e+05,1.78381023e+02,1.14978391e-01
3.00000000e+00,1.51888752e+00,-1.37250006e-01,9.99999972e-10,9.91125107e-02,4.78202741e+03,1.96729519e+05,1.78388565e+02,1.15716315e-01
3.00000000e+00,1.51433265e+00,-1.37250006e-01,9.99999972e-10,1.03667378e-01,4.78111227e+03,1.96698407e+05,1.78420341e+02,1.18007571e-01
3.00000000e+00,1.50966418e+00,-1.37250006e-01,9.99999972e-10,1.08335853e-01,4.78060026e+03,1.96682245e+05,1.78446418e+02,1.19582293e-01
3.00000000e+00,1.50487697e+00,-1.37250006e-01,9.99999972e-10,1.13123059e-01,4.78014745e+03,1.96669238e+05,1.78476240e+02,1.21199015e-01
3.00000000e+00,1.49996579e+00,-1.37250006e-01,9.99999972e-10,1.18034244e-01,4.77973028e+03,1.96658663e+05,1.78509441e+02,1.22859206e-01
3.00000000e+00,1.49492526e+00,-1.37250006e-01,9.99999972e-10,1.23074770e-01,4.77932863e+03,1.96649997e+05,1.78545820e+02,1.24564468e-01
3.00000000e+00,1.48974991e+00,-1.37250006e-01,9.99999972e-10,1.28250122e-01,4.77892447e+03,1.96642786e+05,1.78585338e+02,1.26316524e-01
3.00000000e+00,1.48443401e+00,-1.37250006e-01,9.99999972e-10,1.33566022e-01,4.77849735e+03,1.96636258e+05,1.78628096e+02,1.28117164e-01
3.00000000e+00,1.47897172e+00,-1.37250006e-01,9.99999972e-10,1.39028311e-01,4.77805243e+03,1.96630988e+05,1.78675080e+02,1.29968887e-01
3.00000000e+00,1.47335696e+00,-1.37250006e-01,9.99999972e-10,1.44643068e-01,4.77762146e+03,1.96628629e+05,1.78727880e+02,1.31874863e-01
3.00000000e+00,1.46758378e+00,-1.37250006e-01,9.99999972e-10,1.50416255e-01,4.77724173e+03,1.96630834e+05,1.78788250e+02,1.33838524e-01
3.00000000e+00,1.46164584e+00,-1.37250006e-01,9.99999972e-10,1.56354189e-01,4.77696743e+03,1.96640229e+05,1.78859124e+02,1.35864132e-01
3.00000000e+00,1.45553637e+00,-1.37250006e-01,9.99999972e-10,1.62463665e-01,4.77684567e+03,1.96657345e+05,1.78942969e+02,1.37955863e-01
3.00000000e+00,1.44924903e+00,-1.37250006e-01,9.99999972e-10,1.68751001e-01,4.77700893e+03,1.96687373e+05,1.79042966e+02,1.40119601e-01
3.00000000e+00,1.44277668e+00,-1.37250006e-01,9.99999972e-10,1.75223351e-01,4.77719126e+03,1.96707169e+05,1.79097649e+02,1.41220498e-01
3.00000000e+00,1.43611228e+00,-1.37250006e-01,9.99999972e-10,1.81887746e-01,4.77870079e+03,1.96810838e+05,1.79306685e+02,1.44688709e-01
3.00000000e+00,1.42924857e+00,-1.37250006e-01,9.99999972e-10,1.88751459e-01,4.78031535e+03,1.96908321e+05,1.79472823e+02,1.47103050e-01
3.00000000e+00,1.42217791e+00,-1.37250006e-01,9.99999972e-10,1.95822120e-01,4.78240994e+03,1.97028751e+05,1.79661645e+02,1.49608119e-01
3.00000000e+00,1.41489279e+00,-1.37250006e-01,9.99999972e-10,2.03107238e-01,4.78494233e+03,1.97171171e+05,1.79873282e+02,1.52207066e-01
3.00000000e+00,1.40738499e+00,-1.37250006e-01,9.99999972e-10,2.10615039e-01,4.78788341e+03,1.97335117e+05,1.80109159e+02,1.54903899e-01
3.00000000e+00,1.39964640e+00,-1.37250006e-01,9.99999972e-10,2.18353629e-01,4.79126331e+03,1.97522587e+05,1.80372560e+02,1.57704588e-01
3.00000000e+00,1.39166856e+00,-1.37250006e-01,9.99999972e-10,2.26331472e-01,4.79519602e+03,1.97739006e+05,1.80669446e+02,1.60617942e-01
3.00000000e+00,1.38344264e+00,-1.37250006e-01,9.99999972e-10,2.34557390e-01,4.79983989e+03,1.97991247e+05,1.81006597e+02,1.63654389e-01
3.00000000e+00,1.37495971e+00,-1.37250006e-01,9.99999972e-10,2.43040323e-01,4.80540562e+03,1.98288904e+05,1.81392627e+02,1.66826681e-01
3.00000000e+00,1.36621046e+00,-1.37250006e-01,9.99999972e-10,2.51789570e-01,4.81212175e+03,1.98642313e+05,1.81836724e+02,1.70148913e-01
3.00000000e+00,1.35718524e+00,-1.37250006e-01,9.99999972e-10,2.60814786e-01,4.82020248e+03,1.99061293e+05,1.82347964e+02,1.73635738e-01
3.00000000e+00,1.34787416e+00,-1.37250006e-01,9.99999972e-10,2.70125866e-01,4.82986643e+03,1.99555926e+05,1.82936638e+02,1.77303394e-01
3.00000000e+00,1.33826709e+00,-1.37250006e-01,9.99999972e-10,2.79732943e-01,4.84769792e+03,2.00457039e+05,1.83981551e+02,1.83160083e-01
3.00000000e+00,1.32835340e+00,-1.37250006e-01,9.99999972e-10,2.89646626e-01,4.85520462e+03,2.00831305e+05,1.84404908e+02,1.85267237e-01
3.00000000e+00,1.31812239e+00,-1.37250006e-01,9.99999972e-10,2.99877644e-01,4.87174364e+03,2.01651155e+05,1.85323651e+02,1.89619482e-01
3.00000000e+00,1.30756259e+00,-1.37250006e-01,9.99999972e-10,3.10437441e-01,4.89174366e+03,2.02631513e+05,1.86403277e+02,1.94271149e-01
3.00000000e+00,1.29666269e+00,-1.37250006e-01,9.99999972e-10,3.21337342e-01,4.91614673e+03,2.03813240e+05,1.87681882e+02,1.99275809e-01
3.00000000e+00,1.28541064e+00,-1.37250006e-01,9.99999972e-10,3.32589388e-01,4.94613635e+03,2.05249553e+05,1.89207033e+02,2.04700823e-01
3.00000000e+00,1.27379405e+00,-1.37250006e-01,9.99999972e-10,3.44205976e-01,4.98301560e+03,2.07009399e+05,1.91035921e+02,2.10626015e-01
3.00000000e+00,1.26180029e+00,-1.37250006e-01,9.99999972e-10,3.56199741e-01,5.02808874e+03,2.09148851e+05,1.93224180e+02,2.17136365e-01
3.00000000e+00,1.24941611e+00,-1.37250006e-01,9.99999972e-10,3.68583918e-01,5.08297386e+03,2.11735789e+05,1.95847057e+02,2.24341249e-01
3.00000000e+00,1.23662806e+00,-1.37250006e-01,9.99999972e-10,3.81371975e-01,5.11311084e+03,2.13153757e+05,1.97279774e+02,2.28134046e-01
3.00000000e+00,1.22342205e+00,-1.37250006e-01,9.99999972e-10,3.94577980e-01,5.23761109e+03,2.18959621e+05,2.03066089e+02,2.41732116e-01
3.00000000e+00,1.20978367e+00,-1.37250006e-01,9.99999972e-10,4.08216357e-01,5.35136383e+03,2.24210118e+05,2.08200540e+02,2.52676521e-01
3.00000000e+00,1.19569790e+00,-1.37250006e-01,9.99999972e-10,4.22302127e-01,5.49984903e+03,2.31028473e+05,2.14776063e+02,2.65740462e-01
3.00000000e+00,1.18114924e+00,-1.37250006e-01,9.99999972e-10,4.36850786e-01,5.69284368e+03,2.39879331e+05,2.23273458e+02,2.81582644e-01
3.00000000e+00,1.16612196e+00,-1.37250006e-01,9.99999972e-10,4.51878071e-01,5.95162819e+03,2.51700983e+05,2.34728123e+02,3.01548285e-01
3.00000000e+00,1.15059936e+00,-1.37250006e-01,9.99999972e-10,4.67400670e-01,6.33171230e+03,2.68976654e+05,2.52205322e+02,3.29260278e-01
3.00000000e+00,1.13456452e+00,-1.37250006e-01,9.99999972e-10,4.83435512e-01,6.90967662e+03,2.98304236e+05,2.85434671e+02,3.73367949e-01
3.00000000e+00,1.11800003e+00,-1.37250006e-01,9.99999972e-10,5.00000000e-01,7.25716893e+03,3.17171487e+05,3.07833991e+02,4.01009670e-01
3.00000000e+00,1.11800003e+00,1.37250006e-01,9.99999972e-10,0.00000000e+00,4.68248524e+03,2.07024127e+05,2.05280750e+02,2.65741832e-01
3.00000000e+00,1.13456452e+00,1.37250006e-01,9.99999972e-10,1.65644884e-02,4.47479591e+03,1.94637763e+05,1.89729493e+02,2.47312268e-01
3.00000000e+00,1.15059936e+00,1.37250006e-01,9.99999972e-10,3.25993299e-02,4.13351547e+03,1.75975464e+05,1.67378331e+02,2.18551451e-01
3.00000000e+00,1.16612196e+00,1.37250006e-01,9.99999972e-10,4.81219292e-02,3.91123411e+03,1.65550886e+05,1.56424557e+02,2.01082728e-01
3.00000000e+00,1.18114924e+00,1.37250006e-01,9.99999972e-10,6.31492138e-02,3.75585775e+03,1.58211453e+05,1.49165636e+02,1.88273030e-01
3.00000000e+00,1.19569790e+00,1.37250006e-01,9.99999972e-10,7.76978731e-02,3.63555684e+03,1.52435951e+05,1.43578307e+02,1.77837303e-01
3.00000000e+00,1.20978367e+00,1.37250006e-01,9.99999972e-10,9.17836428e-02,3.53702383e+03,1.47685375e+05,1.39028438e+02,1.68941539e-01
3.00000000e+00,1.22342205e+00,1.37250006e-01,9.99999972e-10,1.05422020e-01,3.45417793e+03,1.43687925e+05,1.35208389e+02,1.61176007e-01
3.00000000e+00,1.23662806e+00,1.37250006e-01,9.99999972e-10,1.18628025e-01,3.35283914e+03,1.38774544e+05,1.30482374e+02,1.51128284e-01
3.00000000e+00,1.24941611e+00,1.37250006e-01,9.99999972e-10,1.31416082e-01,3.32652911e+03,1.37480986e+05,1.29221590e+02,1.48283491e-01
3.00000000e+00,1.26180029e+00,1.37250006e-01,9.99999972e-10,1.43800259e-01,3.27835152e+03,1.35095993e+05,1.26886979e+02,1.42894867e-01
3.00000000e+00,1.27379405e+00,1.37250006e-01,9.99999972e-10,1.55794024e-01,3.23820622e+03,1.33075320e+05,1.24891688e+02,1.38055585e-01
3.00000000e+00,1.28541064e+00,1.37250006e-01,9.99999972e-10,1.67410612e-01,3.20451843e+03,1.31346422e+05,1.23171607e+02,1.33669577e-01
3.00000000e+00,1.29666269e+00,1.37250006e-01,9.99999972e-10,1.78662658e-01,3.17607692e+03,1.29850354e+05,1.21674620e+02,1.29661251e-01
3.00000000e+00,1.30756259e+00,1.37250006e-01,9.99999972e-10,1.89562559e-01,3.15198756e+03,1.28552165e+05,1.20364899e+02,1.25974979e-01
3.00000000e+00,1.31812239e+00,1.37250006e-01,9.99999972e-10,2.00122356e-01,3.13159170e+03,1.27425842e+05,1.19215287e+02,1.22567981e-01
3.00000000e+00,1.32835340e+00,1.37250006e-01,9.99999972e-10,2.10353374e-01,3.11444885e+03,1.26444962e+05,1.18202759e+02,1.19406632e-01
3.00000000e+00,1.33826709e+00,1.37250006e-01,9.99999972e-10,2.20267057e-01,3.10664396e+03,1.25988625e+05,1.17728493e+02,1.17883779e-01
3.00000000e+00,1.34787416e+00,1.37250006e-01,9.99999972e-10,2.29874134e-01,3.08842684e+03,1.24851503e+05,1.16525260e+02,1.13715837e-01
3.00000000e+00,1.35718524e+00,1.37250006e-01,9.99999972e-10,2.39185214e-01,3.07877488e+03,1.24205312e+05,1.15831219e+02,1.11138941e-01
3.00000000e+00,1.36621046e+00,1.37250006e-01,9.99999972e-10,2.48210430e-01,3.07086581e+03,1.23637973e+05,1.15215137e+02,1.08712658e-01
3.00000000e+00,1.37495971e+00,1.37250006e-01,9.99999972e-10,2.56959677e-01,3.06439716e+03,1.23136833e+05,1.14665307e+02,1.06419574e-01
3.00000000e+00,1.38344264e+00,1.37250006e-01,9.99999972e-10,2.65442610e-01,3.05914653e+03,1.22692690e+05,1.14172408e+02,1.04245790e-01
3.00000000e+00,1.39166856e+00,1.37250006e-01,9.99999972e-10,2.73668528e-01,3.05496120e+03,1.22299224e+05,1.13729711e+02,1.02180557e-01
3.00000000e+00,1.39964640e+00,1.37250006e-01,9.99999972e-10,2.81646371e-01,3.05173257e+03,1.21951744e+05,1.13331991e+02,1.00215145e-01
3.00000000e+00,1.40738499e+00,1.37250006e-01,9.99999972e-10,2.89384961e-01,3.04937090e+03,1.21646312e+05,1.12975351e+02,9.83421813e-02
3.00000000e+00,1.41489279e+00,1.37250006e-01,9.99999972e-10,2.96892762e-01,3.04778731e+03,1.21379001e+05,1.12656050e+02,9.65547956e-02
3.00000000e+00,1.42217791e+00,1.37250006e-01,9.99999972e-10,3.04177880e-01,3.04686525e+03,1.21143795e+05,1.12368758e+02,9.48453920e-02
3.00000000e+00,1.42924857e+00,1.37250006e-01,9.99999972e-10,3.11248541e-01,3.04657686e+03,1.20942136e+05,1.12112821e+02,9.32100227e-02
3.00000000e+00,1.43611228e+00,1.37250006e-01,9.99999972e-10,3.18112254e-01,3.04676525e+03,1.20764672e+05,1.11883145e+02,9.16413084e-02
3.00000000e+00,1.44277668e+00,1.37250006e-01,9.99999972e-10,3.24776649e-01,3.04755933e+03,1.20524729e+05,1.11574040e+02,8.93908180e-02
3.00000000e+00,1.44924903e+00,1.37250006e-01,9.99999972e-10,3.31248999e-01,3.04800234e+03,1.20456122e+05,1.11483559e+02,8.86772815e-02
3.00000000e+00,1.45553637e+00,1.37250006e-01,9.99999972e-10,3.37536335e-01,3.04899032e+03,1.20325665e+05,1.11310064e+02,8.72751068e-02
3.00000000e+00,1.46164584e+00,1.37250006e-01,9.99999972e-10,3.43645811e-01,3.05016530e+03,1.20207872e+05,1.11150637e+02,8.59211709e-02
3.00000000e+00,1.46758378e+00,1.37250006e-01,9.99999972e-10,3.49583745e-01,3.05149943e+03,1.20101258e+05,1.11003620e+02,8.46125373e-02
3.00000000e+00,1.47335696e+00,1.37250006e-01,9.99999972e-10,3.55356932e-01,3.05297498e+03,1.20004805e+05,1.10867787e+02,8.33466958e-02
3.00000000e+00,1.47897172e+00,1.37250006e-01,9.99999972e-10,3.60971689e-01,3.05458083e+03,1.19917767e+05,1.10742214e+02,8.21214400e-02
3.00000000e+00,1.48443401e+00,1.37250006e-01,9.99999972e-10,3.66433978e-01,3.05631072e+03,1.19839652e+05,1.10626190e+02,8.09347914e-02
3.00000000e+00,1.48974991e+00,1.37250006e-01,9.99999972e-10,3.71749878e-01,3.05816111e+03,1.19770132e+05,1.10519240e+02,7.97849647e-02
3.00000000e+00,1.49492526e+00,1.37250006e-01,9.99999972e-10,3.76925230e-01,3.06012812e+03,1.19708848e+05,1.10420897e+02,7.86702371e-02
3.00000000e+00,1.49996579e+00,1.37250006e-01,9.99999972e-10,3.81965756e-01,3.06220641e+03,1.19655420e+05,1.10330754e+02,7.75889481e-02
3.00000000e+00,1.50487697e+00,1.37250006e-01,9.99999972e-10,3.86876941e-01,3.06438868e+03,1.19609372e+05,1.10248353e+02,7.65394529e-02
3.00000000e+00,1.50966418e+00,1.37250006e-01,9.99999972e-10,3.91664147e-01,3.06666585e+03,1.19570183e+05,1.10173207e+02,7.55201296e-02
3.00000000e+00,1.51433265e+00,1.37250006e-01,9.99999972e-10,3.96332622e-01,3.06902760e+03,1.19537335e+05,1.10104851e+02,7.45294037e-02
3.00000000e+00,1.51888752e+00,1.37250006e-01,9.99999972e-10,4.00887489e-01,3.07269681e+03,1.19498112e+05,1.10013293e+02,7.30904724e-02
3.00000000e+00,1.52333367e+00,1.37250006e-01,9.99999972e-10,4.05333638e-01,3.07395844e+03,1.19488390e+05,1.09986548e+02,7.26276096e-02
3.00000000e+00,1.52767622e+00,1.37250006e-01,9.99999972e-10,4.09676194e-01,3.07650289e+03,1.19471091e+05,1.09935568e+02,7.17135627e-02
3.00000000e+00,1.53191972e+00,1.37250006e-01,9.99999972e-10,4.13919687e-01,3.07908381e+03,1.19457796e+05,1.09889348e+02,7.08221769e-02
3.00000000e+00,1.53606892e+00,1.37250006e-01,9.99999972e-10,4.18068886e-01,3.08168999e+03,1.19447947e+05,1.09847382e+02,6.99520920e-02
3.00000000e+00,1.54012823e+00,1.37250006e-01,9.99999972e-10,4.22128201e-01,3.08431133e+03,1.19441046e+05,1.09809193e+02,6.91020084e-02
3.00000000e+00,1.54410231e+00,1.37250006e-01,9.99999972e-10,4.26102281e-01,3.08693944e+03,1.19436684e+05,1.09774358e+02,6.82706983e-02
3.00000000e+00,1.54799533e+00,1.37250006e-01,9.99999972e-10,4.29995298e-01,3.08956798e+03,1.19434532e+05,1.09742533e+02,6.74570142e-02
3.00000000e+00,1.55181170e+00,1.37250006e-01,9.99999972e-10,4.33811665e-01,3.09219058e+03,1.19434203e+05,1.09713369e+02,6.66598343e-02
3.00000000e+00,1.55555546e+00,1.37250006e-01,9.99999972e-10,4.37555432e-01,3.09480191e+03,1.19435353e+05,1.09686521e+02,6.58780774e-02
3.00000000e+00,1.55923080e+00,1.37250006e-01,9.99999972e-10,4.41230774e-01,3.09739937e+03,1.19437799e+05,1.09661743e+02,6.51107438e-02
3.00000000e+00,1.56284177e+00,1.37250006e-01,9.99999972e-10,4.44841743e-01,3.09998134e+03,1.19441374e+05,1.09638809e+02,6.43568712e-02
3.00000000e+00,1.56639230e+00,1.37250006e-01,9.99999972e-10,4.48392272e-01,3.10254742e+03,1.19445962e+05,1.09617540e+02,6.36155424e-02
3.00000000e+00,1.56988633e+00,1.37250006e-01,9.99999972e-10,4.51886296e-01,3.10509790e+03,1.19451455e+05,1.09597770e+02,6.28858668e-02
3.00000000e+00,1.57332754e+00,1.37250006e-01,9.99999972e-10,4.55327511e-01,3.10889897e+03,1.19461203e+05,1.09570537e+02,6.18101552e-02
3.00000000e+00,1.57671976e+00,1.37250006e-01,9.99999972e-10,4.58719730e-01,3.11015759e+03,1.19464938e+05,1.09562246e+02,6.14580770e-02
3.00000000e+00,1.58006680e+00,1.37250006e-01,9.99999972e-10,4.62066770e-01,3.11267158e+03,1.19472912e+05,1.09546333e+02,6.07583373e-02
3.00000000e+00,1.58337235e+00,1.37250006e-01,9.99999972e-10,4.65372324e-01,3.11517701e+03,1.19481662e+05,1.09531599e+02,6.00669703e-02
3.00000000e+00,1.58663976e+00,1.37250006e-01,9.99999972e-10,4.68639731e-01,3.11767720e+03,1.19491329e+05,1.09518203e+02,5.93832584e-02
3.00000000e+00,1.58987296e+00,1.37250006e-01,9.99999972e-10,4.71872926e-01,3.12018209e+03,1.19501771e+05,1.09505745e+02,5.87064039e-02
3.00000000e+00,1.59307528e+00,1.37250006e-01,9.99999972e-10,4.75075245e-01,3.12270770e+03,1.19510763e+05,1.09490215e+02,5.80347220e-02
3.00000000e+00,1.59625030e+00,1.37250006e-01,9.99999972e-10,4.78250265e-01,3.12538945e+03,1.19502008e+05,1.09443060e+02,5.73612885e-02
3.00000000e+00,1.59940147e+00,1.37250006e-01,9.99999972e-10,4.81401443e-01,3.12945140e+03,1.19329136e+05,1.09103016e+02,5.66293662e-02
3.00000000e+00,1.60253227e+00,1.37250006e-01,9.99999972e-10,4.84532237e-01,3.14628759e+03,1.17917794e+05,1.06158797e+02,5.53407214e-02
3.00000000e+00,1.60564613e+00,1.37250006e-01,9.99999972e-10,4.87646103e-01,3.27727854e+03,1.11349228e+05,8.65676196e+01,5.00863953e-02
3.00000000e+00,1.60874641e+00,1.37250006e-01,9.99999972e-10,4.90746379e-01,3.84783585e+03,1.00666155e+05,3.63113428e+01,2.81472937e-02
3.00000000e+00,1.61183655e+00,1.37250006e-01,9.99999972e-10,4.93836522e-01,5.29938846e+03,1.13745881e+05,2.74928045e+01,3.15161670e-02
3.00000000e+00,1.61492002e+00,1.37250006e-01,9.99999972e-10,4.96919990e-01,6.99233767e+03,1.59480017e+05,7.30675253e+01,6.46882328e-02
3.00000000e+00,1.61800003e+00,1.37250006e-01,9.99999972e-10,5.00000000e-01,7.68748578e+03,1.86768987e+05,9.41537099e+01,7.69113277e-02
4.00000000e+00,4.59325463e-01,5.63888177e-02,9.99999972e-10,0.00000000e+00,8.57107901e+03,3.79087874e+05,3.23788988e+02,4.52122642e-01
4.00000000e+00,4.73047853e-01,5.80734275e-02,9.99999972e-10,1.38254076e-02,8.57227380e+03,3.78850573e+05,3.23764345e+02,4.52153426e-01
4.00000000e+00,4.86770242e-01,5.97580336e-02,9.99999972e-10,2.76508148e-02,8.57461913e+03,3.78223205e+05,3.23592337e+02,4.52134488e-01
4.00000000e+00,5.00492632e-01,6.14426434e-02,9.99999972e-10,4.14762224e-02,8.57684009e+03,3.77419095e+05,3.23259853e+02,4.52007455e-01
4.00000000e+00,5.14214993e-01,6.31272495e-02,9.99999972e-10,5.53016000e-02,8.57890921e+03,3.76583098e+05,3.22869243e+02,4.51836890e-01
4.00000000e+00,5.27937412e-01,6.48118556e-02,9.99999972e-10,6.91270367e-02,8.58062257e+03,3.75725425e+05,3.22437717e+02,4.51628944e-01
4.00000000e+00,5.41659772e-01,6.64964691e-02,9.99999972e-10,8.29524152e-02,8.58174604e+03,3.74842288e+05,3.21967102e+02,4.51378836e-01
4.00000000e+00,5.55382192e-01,6.81810752e-02,9.99999972e-10,9.67778520e-02,8.58232081e+03,3.73939075e+05,3.21461739e+02,4.51090427e-01
4.00000000e+00,5.69104552e-01,6.98656812e-02,9.99999972e-10,1.10603230e-01,8.58252551e+03,3.73024230e+05,3.20928910e+02,4.50773129e-01
4.00000000e+00,5.82826912e-01,7.15502873e-02,9.99999972e-10,1.24428607e-01,8.58261941e+03,3.72108386e+05,3.20377039e+02,4.50439189e-01
4.00000000e+00,5.96549332e-01,7.32349008e-02,9.99999972e-10,1.38254045e-01,8.58283246e+03,3.71201649e+05,3.19815369e+02,4.50100687e-01
4.00000000e+00,6.10271692e-01,7.49195069e-02,9.99999972e-10,1.52079422e-01,8.58331759e+03,3.70311483e+05,3.19252380e+02,4.49767266e-01
4.00000000e+00,6.23994112e-01,7.66041130e-02,9.99999972e-10,1.65904859e-01,8.58364481e+03,3.69871261e+05,3.18971238e+02,4.49602709e-01
4.00000000e+00,6.37716472e-01,7.82887191e-02,9.99999972e-10,1.79730237e-01,8.58585984e+03,3.68625171e+05,3.18163159e+02,4.49162252e-01
4.00000000e+00,6.51438892e-01,7.99733326e-02,9.99999972e-10,1.93555674e-01,8.58816518e+03,3.67844548e+05,3.17653174e+02,4.48907970e-01
4.00000000e+00,6.65161252e-01,8.16579387e-02,9.99999972e-10,2.07381052e-01,8.59082679e+03,3.67095868e+05,3.17163849e+02,4.48675833e-01
4.00000000e+00,6.78883612e-01,8.33425447e-02,9.99999972e-10,2.21206429e-01,8.59293794e+03,3.66344177e+05,3.16668504e+02,4.48424767e-01
4.00000000e+00,6.92606032e-01,8.50271508e-02,9.99999972e-10,2.35031866e-01,8.59379108e+03,3.65556323e+05,3.16143177e+02,4.48120737e-01
4.00000000e+00,7.06328392e-01,8.67117643e-02,9.99999972e-10,2.48857245e-01,8.59362730e+03,3.64737223e+05,3.15586828e+02,4.47769090e-01
4.00000000e+00,7.20050812e-01,8.83963704e-02,9.99999972e-10,2.62682681e-01,8.59295221e+03,3.63906726e+05,3.15008731e+02,4.47388749e-01
4.00000000e+00,7.33773172e-01,9.00809765e-02,9.99999972e-10,2.76508059e-01,8.59191613e+03,3.63068418e+05,3.14415676e+02,4.46988284e-01
4.00000000e+00,7.47495592e-01,9.17655826e-02,9.99999972e-10,2.90333496e-01,8.59068144e+03,3.62229095e+05,3.13815007e+02,4.46576849e-01
4.00000000e+00,7.61217952e-01,9.34501961e-02,9.99999972e-10,3.04158874e-01,8.58951677e+03,3.61400276e+05,3.13216902e+02,4.46168190e-01
4.00000000e+00,7.74940372e-01,9.51348022e-02,9.99999972e-10,3.17984311e-01,8.58869365e+03,3.60594138e+05,3.12630494e+02,4.45775361e-01
4.00000000e+00,7.88662732e-01,9.68194082e-02,9.99999972e-10,3.31809689e-01,8.58838879e+03,3.60197659e+05,3.12340785e+02,4.45583826e-01
4.00000000e+00,8.02385092e-01,9.85040143e-02,9.99999972e-10,3.45635066e-01,8.58828421e+03,3.59067187e+05,3.11507115e+02,4.45052246e-01
4.00000000e+00,8.16107512e-01,1.00188628e-01,9.99999972e-10,3.59460504e-01,8.58818386e+03,3.58326389e+05,3.10961643e+02,4.44703419e-01
4.00000000e+00,8.29829872e-01,1.01873234e-01,9.99999972e-10,3.73285881e-01,8.58790092e+03,3.57592046e+05,3.10418167e+02,4.44350626e-01
4.00000000e+00,8.43552291e-01,1.03557840e-01,9.99999972e-10,3.87111318e-01,8.58739179e+03,3.56860649e+05,3.09873013e+02,4.43990265e-01
4.00000000e+00,8.57274652e-01,1.05242446e-01,9.99999972e-10,4.00936696e-01,8.58670956e+03,3.56132418e+05,3.09326787e+02,4.43624145e-01
4.00000000e+00,8.70997071e-01,1.06927060e-01,9.99999972e-10,4.14762133e-01,8.58593926e+03,3.55409204e+05,3.08781777e+02,4.43256033e-01
4.00000000e+00,8.84719431e-01,1.08611666e-01,9.99999972e-10,4.28587511e-01,8.58512762e+03,3.54692233e+05,3.08239022e+02,4.42887838e-01
4.00000000e+00,8.98441792e-01,1.10296272e-01,9.99999972e-10,4.42412889e-01,8.58429435e+03,3.53982459e+05,3.07698882e+02,4.42520292e-01
4.00000000e+00,9.12164211e-01,1.11980878e-01,9.99999972e-10,4.56238325e-01,8.58346661e+03,3.53280292e+05,3.07162384e+02,4.42154826e-01
4.00000000e+00,9.25886571e-01,1.13665491e-01,9.99999972e-10,4.70063704e-01,8.58274927e+03,3.52590478e+05,3.06632612e+02,4.41796170e-01
4.00000000e+00,9.39608991e-01,1.15350097e-01,9.99999972e-10,4.83889141e-01,8.58217590e+03,3.51913344e+05,3.06110625e+02,4.41445947e-01
4.00000000e+00,9.53331351e-01,1.17034703e-01,9.99999972e-10,4.97714518e-01,8.58191066e+03,3.51576763e+05,3.05851175e+02,4.41272328e-01
4.00000000e+00,9.67053771e-01,1.18719310e-01,9.99999972e-10,5.11539955e-01,8.58203992e+03,3.50625528e+05,3.05106466e+02,4.40796419e-01
4.00000000e+00,9.80776131e-01,1.20403923e-01,9.99999972e-10,5.25365333e-01,8.58244166e+03,3.50012092e+05,3.04626621e+02,4.40498012e-01
4.00000000e+00,9.94498551e-01,1.22088529e-01,9.99999972e-10,5.39190770e-01,8.58320303e+03,3.49421845e+05,3.04163475e+02,4.40219622e-01
4.00000000e+00,1.00822091e+00,1.23773135e-01,9.99999972e-10,5.53016148e-01,8.58437762e+03,3.48856568e+05,3.03718478e+02,4.39963614e-01
4.00000000e+00,1.02194333e+00,1.25457749e-01,9.99999972e-10,5.66841585e-01,8.58590940e+03,3.48314090e+05,3.03290777e+02,4.39728037e-01
4.00000000e+00,1.03566563e+00,1.27142355e-01,9.99999972e-10,5.80666904e-01,8.58757593e+03,3.47786504e+05,3.02875847e+02,4.39504251e-01
4.00000000e+00,1.04938805e+00,1.28826961e-01,9.99999972e-10,5.94492340e-01,8.58892421e+03,3.47256912e+05,3.02461522e+02,4.39272544e-01
4.00000000e+00,1.06311047e+00,1.30511567e-01,9.99999972e-10,6.08317777e-01,8.58968530e+03,3.46710820e+05,3.02034861e+02,4.39017247e-01
4.00000000e+00,1.07683289e+00,1.32196173e-01,9.99999972e-10,6.22143214e-01,8.58978893e+03,3.46130373e+05,3.01586506e+02,4.38730490e-01
4.00000000e+00,1.09055519e+00,1.33880779e-01,9.99999972e-10,6.35968532e-01,8.58838706e+03,3.45623016e+05,3.01225197e+02,4.38465427e-01
4.00000000e+00,1.10427761e+00,1.35565385e-01,9.99999972e-10,6.49793969e-01,8.56719507e+03,3.47101711e+05,3.03159671e+02,4.39275917e-01
4.00000000e+00,1.11800003e+00,1.37250006e-01,9.99999972e-10,6.63619408e-01,8.54726450e+03,3.48784997e+05,3.05224326e+02,4.40198566e-01
4.00000000e+00,1.11800003e+00,-1.37250006e-01,9.99999972e-10,0.00000000e+00,1.39494518e+04,5.60889588e+05,4.85915353e+02,6.95972540e-01
4.00000000e+00,1.10427761e+00,-1.35565385e-01,9.99999972e-10,1.38254386e-02,1.39806848e+04,5.58978942e+05,4.83825772e+02,6.95356402e-01
4.00000000e+00,1.09055519e+00,-1.33880779e-01,9.99999972e-10,2.76508753e-02,1.40107935e+04,5.57557651e+05,4.82107330e+02,6.94939425e-01
4.00000000e+00,1.07683289e+00,-1.32196173e-01,9.99999972e-10,4.14761937e-02,1.40021573e+04,5.58363355e+05,4.82783298e+02,6.95141878e-01
4.00000000e+00,1.06311047e+00,-1.30511567e-01,9.99999972e-10,5.53016305e-02,1.39880825e+04,5.59013800e+05,4.83402365e+02,6.95177237e-01
4.00000000e+00,1.04938805e+00,-1.28826961e-01,9.99999972e-10,6.91270672e-02,1.39757826e+04,5.59713553e+05,4.84059153e+02,6.95279851e-01
4.00000000e+00,1.03566563e+00,-1.27142355e-01,9.99999972e-10,8.29525039e-02,1.39660970e+04,5.60518796e+05,4.84803216e+02,6.95502719e-01
4.00000000e+00,1.02194333e+00,-1.25457749e-01,9.99999972e-10,9.67778224e-02,1.39598538e+04,5.61453985e+05,4.85649295e+02,6.95875495e-01
4.00000000e+00,1.00822091e+00,-1.23773135e-01,9.99999972e-10,1.10603260e-01,1.39557758e+04,5.63068549e+05,4.87092160e+02,6.96676096e-01
4.00000000e+00,9.94498551e-01,-1.22088529e-01,9.99999972e-10,1.24428638e-01,1.39559393e+04,5.63658856e+05,4.87622802e+02,6.97012625e-01
4.00000000e+00,9.80776131e-01,-1.20403923e-01,9.99999972e-10,1.38254074e-01,1.39583197e+04,5.64936029e+05,4.88740615e+02,6.97770848e-01
4.00000000e+00,9.67053771e-01,-1.18719310e-01,9.99999972e-10,1.52079453e-01,1.39624678e+04,5.66298324e+05,4.89907382e+02,6.98601905e-01
4.00000000e+00,9.53331351e-01,-1.17034703e-01,9.99999972e-10,1.65904890e-01,1.39661700e+04,5.67665984e+05,4.91081110e+02,6.99425410e-01
4.00000000e+00,9.39608991e-01,-1.15350097e-01,9.99999972e-10,1.79730267e-01,1.39696060e+04,5.69055188e+05,4.92279056e+02,7.00257096e-01
4.00000000e+00,9.25886571e-01,-1.13665491e-01,9.99999972e-10,1.93555704e-01,1.39738572e+04,5.70501541e+05,4.93528146e+02,7.01140906e-01
4.00000000e+00,9.12164211e-01,-1.11980878e-01,9.99999972e-10,2.07381082e-01,1.39795309e+04,5.72026560e+05,4.94838835e+02,7.02098080e-01
4.00000000e+00,8.98441792e-01,-1.10296272e-01,9.99999972e-10,2.21206519e-01,1.39900760e+04,5.74427800e+05,4.96897017e+02,7.03641050e-01
4.00000000e+00,8.84719431e-01,-1.08611666e-01,9.99999972e-10,2.35031897e-01,1.39948060e+04,5.75295034e+05,4.97633335e+02,7.04216477e-01
4.00000000e+00,8.70997071e-01,-1.06927060e-01,9.99999972e-10,2.48857274e-01,1.40046481e+04,5.77061194e+05,4.99121382e+02,7.05385185e-01
4.00000000e+00,8.57274652e-01,-1.05242446e-01,9.99999972e-10,2.62682712e-01,1.40143131e+04,5.78851758e+05,5.00612605e+02,7.06548801e-01
4.00000000e+00,8.43552291e-01,-1.03557840e-01,9.99999972e-10,2.76508090e-01,1.40218261e+04,5.80587076e+05,5.02049324e+02,7.07621844e-01
4.00000000e+00,8.29829872e-01,-1.01873234e-01,9.99999972e-10,2.90333526e-01,1.40256649e+04,5.82214931e+05,5.03386124e+02,7.08537203e-01
4.00000000e+00,8.16107512e-01,-1.00188628e-01,9.99999972e-10,3.04158904e-01,1.40228053e+04,5.83635554e+05,5.04580934e+02,7.09195142e-01
4.00000000e+00,8.02385092e-01,-9.85040143e-02,9.99999972e-10,3.17984342e-01,1.40126275e+04,5.84842881e+05,5.05645228e+02,7.09588315e-01
4.00000000e+00,7.88662732e-01,-9.68194082e-02,9.99999972e-10,3.31809719e-01,1.39915098e+04,5.86477938e+05,5.07113701e+02,7.09948538e-01
4.00000000e+00,7.74940372e-01,-9.51348022e-02,9.99999972e-10,3.45635097e-01,1.39843812e+04,5.87021534e+05,5.07612261e+02,7.10071712e-01
4.00000000e+00,7.61217952e-01,-9.34501961e-02,9.99999972e-10,3.59460533e-01,1.39727056e+04,5.88236834e+05,5.08720403e+02,7.10452292e-01
4.00000000e+00,7.47495592e-01,-9.17655826e-02,9.99999972e-10,3.73285912e-01,1.39668646e+04,5.89694724e+05,5.10061881e+02,7.11127034e-01
4.00000000e+00,7.33773172e-01,-9.00809765e-02,9.99999972e-10,3.87111349e-01,1.39699356e+04,5.91511295e+05,5.11686913e+02,7.12201762e-01
4.00000000e+00,7.20050812e-01,-8.83963704e-02,9.99999972e-10,4.00936726e-01,1.39811754e+04,5.93665112e+05,5.13525300e+02,7.13609920e-01
4.00000000e+00,7.06328392e-01,-8.67117643e-02,9.99999972e-10,4.14762163e-01,1.39942308e+04,5.95921111e+05,5.15419132e+02,7.15094455e-01
4.00000000e+00,6.92606032e-01,-8.50271508e-02,9.99999972e-10,4.28587541e-01,1.40059398e+04,5.98197170e+05,5.17322808e+02,7.16548096e-01
4.00000000e+00,6.78883612e-01,-8.33425447e-02,9.99999972e-10,4.42412978e-01,1.40201790e+04,6.01590218e+05,5.20152498e+02,7.18623234e-01
4.00000000e+00,6.65161252e-01,-8.16579387e-02,9.99999972e-10,4.56238356e-01,1.40227830e+04,6.02676144e+05,5.21055954e+02,7.19233975e-01
4.00000000e+00,6.51438892e-01,-7.99733326e-02,9.99999972e-10,4.70063733e-01,1.40261073e+04,6.04805962e+05,5.22817662e+02,7.20377502e-01
4.00000000e+00,6.37716472e-01,-7.82887191e-02,9.99999972e-10,4.83889171e-01,1.40235054e+04,6.06773983e+05,5.24470156e+02,7.21301591e-01
4.00000000e+00,6.23994112e-01,-7.66041130e-02,9.99999972e-10,4.97714549e-01,1.40151363e+04,6.08607019e+05,5.26050921e+02,7.22034176e-01
4.00000000e+00,6.10271692e-01,-7.49195069e-02,9.99999972e-10,5.11539985e-01,1.40058506e+04,6.10446619e+05,5.27641658e+02,7.22746948e-01
4.00000000e+00,5.96549332e-01,-7.32349008e-02,9.99999972e-10,5.25365363e-01,1.39994058e+04,6.12440210e+05,5.29371665e+02,7.23615724e-01
4.00000000e+00,5.82826912e-01,-7.15502873e-02,9.99999972e-10,5.39190801e-01,1.39964785e+04,6.14616376e+05,5.31253166e+02,7.24664396e-01
4.00000000e+00,5.69104552e-01,-6.98656812e-02,9.99999972e-10,5.53016178e-01,1.39957571e+04,6.15729643e+05,5.32208872e+02,7.25215779e-01
4.00000000e+00,5.55382192e-01,-6.81810752e-02,9.99999972e-10,5.66841556e-01,1.40003699e+04,6.19463108e+05,5.35381608e+02,7.27222320e-01
4.00000000e+00,5.41659772e-01,-6.64964691e-02,9.99999972e-10,5.80666992e-01,1.40047016e+04,6.22038549e+05,5.37534361e+02,7.28608901e-01
4.00000000e+00,5.27937412e-01,-6.48118556e-02,9.99999972e-10,5.94492371e-01,1.40087386e+04,6.24644541e+05,5.39719765e+02,7.30004762e-01
4.00000000e+00,5.14214993e-01,-6.31272495e-02,9.99999972e-10,6.08317808e-01,1.40144715e+04,6.27382426e+05,5.42009845e+02,7.31503723e-01
4.00000000e+00,5.00492632e-01,-6.14426434e-02,9.99999972e-10,6.22143185e-01,1.40223727e+04,6.30266585e+05,5.44397563e+02,7.33112267e-01
4.00000000e+00,4.86770242e-01,-5.97580336e-02,9.99999972e-10,6.35968593e-01,1.40302537e+04,6.33117398e+05,5.46737748e+02,7.34687022e-01
4.00000000e+00,4.73047853e-01,-5.80734275e-02,9.99999972e-10,6.49794000e-01,1.40368528e+04,6.35624491e+05,5.48757571e+02,7.36032487e-01
4.00000000e+00,4.59325463e-01,-5.63888177e-02,9.99999972e-10,6.63619408e-01,1.40397301e+04,6.36735806e+05,5.49634401e+02,7.36613443e-01
5.00000000e+00,2.02091001e-02,2.48136534e-03,9.99999972e-10,0.00000000e+00,1.95149628e+04,1.02524066e+06,1.06751728e+03,2.14738255e-01
5.00000000e+00,2.03487631e-02,2.49851099e-03,9.99999972e-10,1.40711498e-04,1.91232008e+04,9.88397915e+05,1.00012020e+03,2.10376877e-01
5.00000000e+00,2.05137152e-02,2.51876120e-03,9.99999972e-10,3.06901979e-04,1.84683673e+04,9.25592137e+05,8.89029574e+02,2.04742020e-01
5.00000000e+00,2.07085144e-02,2.54267547e-03,9.99999972e-10,5.03163547e-04,1.79957639e+04,8.78958018e+05,8.13562649e+02,2.03795623e-01
5.00000000e+00,2.09385343e-02,2.57091341e-03,9.99999972e-10,7.34910264e-04,1.75649545e+04,8.39587321e+05,7.56943860e+02,2.05358273e-01
5.00000000e+00,2.12101042e-02,2.60425219e-03,9.99999972e-10,1.00851894e-03,1.71048288e+04,8.02487340e+05,7.10086198e+02,2.08313500e-01
5.00000000e+00,2.15306729e-02,2.64360639e-03,9.99999972e-10,1.33149422e-03,1.66016399e+04,7.65648058e+05,6.67961694e+02,2.11787142e-01
5.00000000e+00,2.19090097e-02,2.69005215e-03,9.99999972e-10,1.71267122e-03,1.60434230e+04,7.28844846e+05,6.29291263e+02,2.15479895e-01
5.00000000e+00,2.23554168e-02,2.74485489e-03,9.99999972e-10,2.16242967e-03,1.54328464e+04,6.91380451e+05,5.92501351e+02,2.19471693e-01
5.00000000e+00,2.28819996e-02,2.80949986e-03,9.99999972e-10,2.69296566e-03,1.47762315e+04,6.52760358e+05,5.56447295e+02,2.23158510e-01
5.00000000e+00,2.35029534e-02,2.88573024e-03,9.99999972e-10,3.31858106e-03,1.40696592e+04,6.13805497e+05,5.21725009e+02,2.25849505e-01
5.00000000e+00,2.42349096e-02,2.97558773e-03,9.99999972e-10,4.05603225e-03,1.33171843e+04,5.75026590e+05,4.88434970e+02,2.27838193e-01
5.00000000e+00,2.50973199e-02,3.08146048e-03,9.99999972e-10,4.92491691e-03,1.29313675e+04,5.55682543e+05,4.72044896e+02,2.28769674e-01
5.00000000e+00,2.61128936e-02,3.20613594e-03,9.99999972e-10,5.94811484e-03,1.17855537e+04,4.98919193e+05,4.22229974e+02,2.30235891e-01
5.00000000e+00,2.73080822e-02,3.35286139e-03,9.99999972e-10,7.15227603e-03,1.10693783e+04,4.63747259e+05,3.91772122e+02,2.30084090e-01
5.00000000e+00,2.87136119e-02,3.52540892e-03,9.99999972e-10,8.56835735e-03,1.03838026e+04,4.31266317e+05,3.63665508e+02,2.29131308e-01
5.00000000e+00,3.03650629e-02,3.72814690e-03,9.99999972e-10,1.02322062e-02,9.74610616e+03,4.02234302e+05,3.37653262e+02,2.28468814e-01
5.00000000e+00,3.23034823e-02,3.96611402e-03,9.99999972e-10,1.21851779e-02,9.17829278e+03,3.76177811e+05,3.13648853e+02,2.28290195e-01
5.00000000e+00,3.45760100e-02,4.24509728e-03,9.99999972e-10,1.44747660e-02,8.68569109e+03,3.52687772e+05,2.91654159e+02,2.27841457e-01
5.00000000e+00,3.72364931e-02,4.57170745e-03,9.99999972e-10,1.71552220e-02,8.27431843e+03,3.32248860e+05,2.72135396e+02,2.27096088e-01
5.00000000e+00,4.03460413e-02,4.95344633e-03,9.99999972e-10,2.02881144e-02,7.94121124e+03,3.15845445e+05,2.55834648e+02,2.27112609e-01
5.00000000e+00,4.39734645e-02,5.39876195e-03,9.99999972e-10,2.39427697e-02,7.68416860e+03,3.03253547e+05,2.42565481e+02,2.28843652e-01
5.00000000e+00,4.81955446e-02,5.91707882e-03,9.99999972e-10,2.81965460e-02,7.50151890e+03,2.93548855e+05,2.31646048e+02,2.32002455e-01
5.00000000e+00,5.30969501e-02,6.51879236e-03,9.99999972e-10,3.31347475e-02,7.39003361e+03,2.86686146e+05,2.23077315e+02,2.36004826e-01
5.00000000e+00,5.87697774e-02,7.21520837e-03,9.99999972e-10,3.88501622e-02,7.36496488e+03,2.83048179e+05,2.15469903e+02,2.44141900e-01
5.00000000e+00,6.53124675e-02,8.01841170e-03,9.99999972e-10,4.54419700e-02,7.38897391e+03,2.83706643e+05,2.14997609e+02,2.47839206e-01
5.00000000e+00,7.28279725e-02,8.94104131e-03,9.99999972e-10,5.30138958e-02,7.45382022e+03,2.86121813e+05,2.15237262e+02,2.56095124e-01
5.00000000e+00,8.14209655e-02,9.99594666e-03,9.99999972e-10,6.16713985e-02,7.54788666e+03,2.90629278e+05,2.17691285e+02,2.65725040e-01
5.00000000e+00,9.11939517e-02,1.11957137e-02,9.99999972e-10,7.15177532e-02,7.66096257e+03,2.96920836e+05,2.22099922e+02,2.75961340e-01
5.00000000e+00,1.02242149e-01,1.25520285e-02,9.99999972e-10,8.26488925e-02,7.78195608e+03,3.04874894e+05,2.28438864e+02,2.86243846e-01
5.00000000e+00,1.14647120e-01,1.40749058e-02,9.99999972e-10,9.51469906e-02,7.89846945e+03,3.14148540e+05,2.36583308e+02,2.96191629e-01
5.00000000e+00,1.28469378e-01,1.57717746e-02,9.99999972e-10,1.09073015e-01,8.00227662e+03,3.24061704e+05,2.46069189e+02,3.05510340e-01
5.00000000e+00,1.43740192e-01,1.76464729e-02,9.99999972e-10,1.24458472e-01,8.09180555e+03,3.34125277e+05,2.56400686e+02,3.14158369e-01
5.00000000e+00,1.60453424e-01,1.96982473e-02,9.99999972e-10,1.41297174e-01,8.16879041e+03,3.43937149e+05,2.67093927e+02,3.22166134e-01
5.00000000e+00,1.78558066e-01,2.19208356e-02,9.99999972e-10,1.59537733e-01,8.23713716e+03,3.53198183e+05,2.77675522e+02,3.29590917e-01
5.00000000e+00,1.97952598e-01,2.43017767e-02,9.99999972e-10,1.79077864e-01,8.29817236e+03,3.61630068e+05,2.87745767e+02,3.36538098e-01
5.00000000e+00,2.18482539e-01,2.68221032e-02,9.99999972e-10,1.99761929e-01,8.32675732e+03,3.65601991e+05,2.92609981e+02,3.39908667e-01
5.00000000e+00,2.39941671e-01,2.94565018e-02,9.99999972e-10,2.21382160e-01,8.39288417e+03,3.74403435e+05,3.04535653e+02,3.49348445e-01
5.00000000e+00,2.62078047e-01,3.21740434e-02,9.99999972e-10,2.43684719e-01,8.42915342e+03,3.78503098e+05,3.10692407e+02,3.55668241e-01
5.00000000e+00,2.84604460e-01,3.49394605e-02,9.99999972e-10,2.66380244e-01,8.45994311e+03,3.81260902e+05,3.15391535e+02,3.62340522e-01
5.00000000e+00,3.07212591e-01,3.77149135e-02,9.99999972e-10,2.89158100e-01,8.48583204e+03,3.82903937e+05,3.18816749e+02,3.69657820e-01
5.00000000e+00,3.29589576e-01,4.04619910e-02,9.99999972e-10,3.11703074e-01,8.50736186e+03,3.83728094e+05,3.21238988e+02,3.77886975e-01
5.00000000e+00,3.51435304e-01,4.31438461e-02,9.99999972e-10,3.33712804e-01,8.52398652e+03,3.83907806e+05,3.22844412e+02,3.87073377e-01
5.00000000e+00,3.72477829e-01,4.57271002e-02,9.99999972e-10,3.54913301e-01,8.53673361e+03,3.83638886e+05,3.23827022e+02,3.97144712e-01
5.00000000e+00,3.92486155e-01,4.81833927e-02,9.99999972e-10,3.75071834e-01,8.54704806e+03,3.83112503e+05,3.24377640e+02,4.07929096e-01
5.00000000e+00,4.11278367e-01,5.04903905e-02,9.99999972e-10,3.94005124e-01,8.55538135e+03,3.82430125e+05,3.24628824e+02,4.19148034e-01
5.00000000e+00,4.28725481e-01,5.26322611e-02,9.99999972e-10,4.11583219e-01,8.56061910e+03,3.81631532e+05,3.24659997e+02,4.30442104e-01
5.00000000e+00,4.44750726e-01,5.45995757e-02,9.99999972e-10,4.27728769e-01,8.56551886e+03,3.81419591e+05,3.25072203e+02,4.41914690e-01
5.00000000e+00,4.59325463e-01,5.63888177e-02,9.99999972e-10,4.42412922e-01,8.56903277e+03,3.81644164e+05,3.25529722e+02,4.47783157e-01
5.00000000e+00,4.59325463e-01,-5.63888177e-02,9.99999972e-10,0.00000000e+00,1.40451218e+04,6.41808694e+05,5.53915358e+02,7.30684291e-01
5.00000000e+00,4.44750726e-01,-5.45995757e-02,9.99999972e-10,1.46841522e-02,1.40414216e+04,6.43071614e+05,5.54893960e+02,7.22391305e-01
5.00000000e+00,4.28725481e-01,-5.26322611e-02,9.99999972e-10,3.08297030e-02,1.40341247e+04,6.46068224e+05,5.57257336e+02,7.05824528e-01
5.00000000e+00,4.11278367e-01,-5.04903905e-02,9.99999972e-10,4.84077972e-02,1.40259719e+04,6.49809603e+05,5.60275243e+02,6.89422344e-01
5.00000000e+00,3.92486155e-01,-4.81833927e-02,9.99999972e-10,6.73410873e-02,1.40190638e+04,6.54124961e+05,5.63795336e+02,6.73669902e-01
5.00000000e+00,3.72477829e-01,-4.57271002e-02,9.99999972e-10,8.74996206e-02,1.40231335e+04,6.59384273e+05,5.68005386e+02,6.59455692e-01
5.00000000e+00,3.51435304e-01,-4.31438461e-02,9.99999972e-10,1.08700118e-01,1.40414341e+04,6.65725370e+05,5.72935715e+02,6.47414460e-01
5.00000000e+00,3.29589576e-01,-4.04619910e-02,9.99999972e-10,1.30709847e-01,1.40589243e+04,6.72479204e+05,5.78053984e+02,6.37412316e-01
5.00000000e+00,3.07212591e-01,-3.77149135e-02,9.99999972e-10,1.53254822e-01,1.40645354e+04,6.75843585e+05,5.80565015e+02,6.32861242e-01
5.00000000e+00,2.84604460e-01,-3.49394605e-02,9.99999972e-10,1.76032678e-01,1.40626768e+04,6.86395881e+05,5.88077262e+02,6.23630330e-01
5.00000000e+00,2.62078047e-01,-3.21740434e-02,9.99999972e-10,1.98728202e-01,1.40705459e+04,6.94429317e+05,5.93562731e+02,6.20577664e-01
5.00000000e+00,2.39941671e-01,-2.94565018e-02,9.99999972e-10,2.21030761e-01,1.40937799e+04,7.03229499e+05,5.99181858e+02,6.19949525e-01
5.00000000e+00,2.18482539e-01,-2.68221032e-02,9.99999972e-10,2.42650993e-01,1.41146715e+04,7.11960693e+05,6.04200068e+02,6.20692010e-01
5.00000000e+00,1.97952598e-01,-2.43017767e-02,9.99999972e-10,2.63335057e-01,1.41045172e+04,7.19242839e+05,6.07209726e+02,6.21038404e-01
5.00000000e+00,1.78558066e-01,-2.19208356e-02,9.99999972e-10,2.82875189e-01,1.40760597e+04,7.24936286e+05,6.08093679e+02,6.20628539e-01
5.00000000e+00,1.60453424e-01,-1.96982473e-02,9.99999972e-10,3.01115748e-01,1.40315697e+04,7.28187986e+05,6.05542052e+02,6.18275057e-01
5.00000000e+00,1.43740192e-01,-1.76464729e-02,9.99999972e-10,3.17954450e-01,1.39981792e+04,7.28749088e+05,6.02853511e+02,6.16117214e-01
5.00000000e+00,1.28469378e-01,-1.57717746e-02,9.99999972e-10,3.33339906e-01,1.37477300e+04,7.17303224e+05,5.80675527e+02,5.97832469e-01
5.00000000e+00,1.14647120e-01,-1.40749058e-02,9.99999972e-10,3.47265931e-01,1.35196413e+04,7.01034286e+05,5.57083702e+02,5.78219567e-01
5.00000000e+00,1.02242149e-01,-1.25520285e-02,9.99999972e-10,3.59764029e-01,1.32197532e+04,6.74362163e+05,5.24944239e+02,5.50735542e-01
5.00000000e+00,9.11939517e-02,-1.11957137e-02,9.99999972e-10,3.70895168e-01,1.28462571e+04,6.39544606e+05,4.87798038e+02,5.16885054e-01
5.00000000e+00,8.14209655e-02,-9.99594666e-03,9.99999972e-10,3.80741523e-01,1.24316502e+04,6.02708606e+05,4.51176408e+02,4.80430748e-01
5.00000000e+00,7.28279725e-02,-8.94104131e-03,9.99999972e-10,3.89399026e-01,1.20208480e+04,5.70705856e+05,4.20676515e+02,4.46008064e-01
5.00000000e+00,6.53124675e-02,-8.01841170e-03,9.99999972e-10,3.96970952e-01,1.16380834e+04,5.46441658e+05,3.98857371e+02,4.16408733e-01
5.00000000e+00,5.87697774e-02,-7.21520837e-03,9.99999972e-10,4.03562759e-01,1.14560618e+04,5.36206293e+05,3.90112169e+02,4.02960992e-01
5.00000000e+00,5.30969501e-02,-6.51879236e-03,9.99999972e-10,4.09278174e-01,1.10487309e+04,5.19965913e+05,3.78735371e+02,3.70703224e-01
5.00000000e+00,4.81955446e-02,-5.91707882e-03,9.99999972e-10,4.14216376e-01,1.08920634e+04,5.17337786e+05,3.77936687e+02,3.52475516e-01
5.00000000e+00,4.39734645e-02,-5.39876195e-03,9.99999972e-10,4.18470152e-01,1.08374206e+04,5.17627221e+05,3.81170279e+02,3.36684359e-01
5.00000000e+00,4.03460413e-02,-4.95344633e-03,9.99999972e-10,4.22124807e-01,1.09280012e+04,5.22051145e+05,3.88658881e+02,3.24835218e-01
5.00000000e+00,3.72364931e-02,-4.57170745e-03,9.99999972e-10,4.25257700e-01,1.11426855e+04,5.30807066e+05,3.99520446e+02,3.16194405e-01
5.00000000e+00,3.45760100e-02,-4.24509728e-03,9.99999972e-10,4.27938156e-01,1.14454173e+04,5.43016541e+05,4.13730420e+02,3.08757659e-01
5.00000000e+00,3.23034823e-02,-3.96611402e-03,9.99999972e-10,4.30227744e-01,1.19022846e+04,5.61526927e+05,4.32810121e+02,3.02902683e-01
5.00000000e+00,3.03650629e-02,-3.72814690e-03,9.99999972e-10,4.32180715e-01,1.21769515e+04,5.72237729e+05,4.43468020e+02,3.00385660e-01
5.00000000e+00,2.87136119e-02,-3.52540892e-03,9.99999972e-10,4.33844564e-01,1.32016519e+04,6.10938509e+05,4.79439700e+02,2.94596112e-01
5.00000000e+00,2.73080822e-02,-3.35286139e-03,9.99999972e-10,4.35260646e-01,1.39999057e+04,6.42136770e+05,5.06835805e+02,2.92407900e-01
5.00000000e+00,2.61128936e-02,-3.20613594e-03,9.99999972e-10,4.36464807e-01,1.48658389e+04,6.76782423e+05,5.36766392e+02,2.89807672e-01
5.00000000e+00,2.50973199e-02,-3.08146048e-03,9.99999972e-10,4.37488005e-01,1.57894465e+04,7.14233373e+05,5.69292626e+02,2.86267065e-01
5.00000000e+00,2.42349096e-02,-2.97558773e-03,9.99999972e-10,4.38356889e-01,1.67757381e+04,7.54864668e+05,6.03819315e+02,2.82820024e-01
5.00000000e+00,2.35029534e-02,-2.88573024e-03,9.99999972e-10,4.39094341e-01,1.77820760e+04,7.96822050e+05,6.38740182e+02,2.79530570e-01
5.00000000e+00,2.28819996e-02,-2.80949986e-03,9.99999972e-10,4.39719956e-01,1.87602073e+04,8.39940504e+05,6.74583241e+02,2.75539440e-01
5.00000000e+00,2.23554168e-02,-2.74485489e-03,9.99999972e-10,4.40250492e-01,1.92377882e+04,8.61771621e+05,6.92877526e+02,2.73216152e-01
5.00000000e+00,2.19090097e-02,-2.69005215e-03,9.99999972e-10,4.40700250e-01,2.05340242e+04,9.26322565e+05,7.50887963e+02,2.65133716e-01
5.00000000e+00,2.15306729e-02,-2.64360639e-03,9.99999972e-10,4.41081427e-01,2.13148734e+04,9.68720831e+05,7.92035409e+02,2.60224712e-01
5.00000000e+00,2.12101042e-02,-2.60425219e-03,9.99999972e-10,4.41404403e-01,2.20244737e+04,1.01127104e+06,8.36527431e+02,2.55539067e-01
5.00000000e+00,2.09385343e-02,-2.57091341e-03,9.99999972e-10,4.41678011e-01,2.26642638e+04,1.05366439e+06,8.85370189e+02,2.51320779e-01
5.00000000e+00,2.07085144e-02,-2.54267547e-03,9.99999972e-10,4.41909758e-01,2.32497927e+04,1.09809263e+06,9.44029702e+02,2.48613116e-01
5.00000000e+00,2.05137152e-02,-2.51876120e-03,9.99999972e-10,4.42106020e-01,2.38327712e+04,1.14944947e+06,1.02185836e+03,2.48482513e-01
5.00000000e+00,2.03487631e-02,-2.49851099e-03,9.99999972e-10,4.42272210e-01,2.45601346e+04,1.21858667e+06,1.14011903e+03,2.53659794e-01
5.00000000e+00,2.02091001e-02,-2.48136534e-03,9.99999972e-10,4.42412922e-01,2.49869230e+04,1.25962950e+06,1.21351173e+03,2.58132346e-01
6.00000000e+00,1.86413825e-02,1.65654998e-03,9.99999972e-10,0.00000000e+00,1.46457306e+05,5.45210345e+06,2.66174301e+03,8.41863921e-01
6.00000000e+00,1.87182669e-02,1.73958600e-03,9.99999972e-10,1.13164449e-04,1.39987810e+05,5.27266573e+06,2.65705362e+03,8.15573128e-01
6.00000000e+00,1.87988300e-02,1.81905762e-03,9.99999972e-10,2.26328735e-04,1.27380489e+05,4.91533910e+06,2.63641078e+03,7.62859523e-01
6.00000000e+00,1.88829061e-02,1.89480209e-03,9.99999972e-10,3.39492381e-04,1.15326142e+05,4.55737675e+06,2.59655379e+03,7.10352273e-01
6.00000000e+00,1.89703256e-02,1.96666433e-03,9.99999972e-10,4.52657551e-04,1.03746253e+05,4.19588115e+06,2.53721526e+03,6.58301842e-01
6.00000000e+00,1.90609060e-02,2.03449675e-03,9.99999972e-10,5.65821377e-04,9.28356139e+04,3.84495947e+06,2.46227830e+03,6.07966521e-01
6.00000000e+00,1.91544630e-02,2.09816033e-03,9.99999972e-10,6.78984766e-04,8.26424780e+04,3.50584383e+06,2.37322027e+03,5.59881173e-01
6.00000000e+00,1.92508064e-02,2.15752516e-03,9.99999972e-10,7.92149446e-04,7.32192328e+04,3.18356287e+06,2.27441477e+03,5.14721785e-01
6.00000000e+00,1.93497371e-02,2.21246900e-03,9.99999972e-10,9.05313502e-04,6.87418507e+04,3.03089805e+06,2.22516534e+03,4.93278419e-01
6.00000000e+00,1.94510520e-02,2.26287986e-03,9.99999972e-10,1.01847690e-03,5.66063687e+04,2.58911354e+06,2.05545205e+03,4.33279647e-01
6.00000000e+00,1.95545442e-02,2.30865390e-03,9.99999972e-10,1.13164013e-03,4.94116501e+04,2.32099545e+06,1.93915927e+03,3.96997611e-01
6.00000000e+00,1.96600035e-02,2.34969752e-03,9.99999972e-10,1.24480475e-03,4.29074056e+04,2.06896410e+06,1.81924223e+03,3.63035371e-01
6.00000000e+00,1.97672118e-02,2.38592690e-03,9.99999972e-10,1.35796915e-03,3.71009251e+04,1.83684083e+06,1.69867082e+03,3.31460202e-01
6.00000000e+00,1.98759492e-02,2.41726730e-03,9.99999972e-10,1.47113303e-03,3.19388944e+04,1.62366390e+06,1.57967100e+03,3.02332816e-01
6.00000000e+00,1.99859943e-02,2.44365493e-03,9.99999972e-10,1.58429762e-03,2.73759576e+04,1.43321190e+06,1.46463856e+03,2.75673554e-01
6.00000000e+00,2.00971197e-02,2.46503553e-03,9.99999972e-10,1.69746116e-03,2.34251862e+04,1.25531116e+06,1.33236264e+03,2.49589100e-01
6.00000000e+00,2.02091001e-02,2.48136534e-03,9.99999972e-10,1.81062593e-03,2.16196747e+04,1.16633297e+06,1.25667175e+03,2.36294845e-01
6.00000000e+00,2.02091001e-02,-2.48136534e-03,9.99999972e-10,0.00000000e+00,2.75210129e+04,1.42736397e+06,1.42507400e+03,2.82798241e-01
6.00000000e+00,2.00971197e-02,-2.46503553e-03,9.99999972e-10,1.13164767e-04,2.97498239e+04,1.53259991e+06,1.50766497e+03,2.98006544e-01
6.00000000e+00,1.99859943e-02,-2.44365493e-03,9.99999972e-10,2.26328308e-04,3.45918493e+04,1.73987040e+06,1.64792116e+03,3.27298880e-01
6.00000000e+00,1.98759492e-02,-2.41726730e-03,9.99999972e-10,3.39492903e-04,4.01271673e+04,1.95876191e+06,1.76480614e+03,3.56549552e-01
6.00000000e+00,1.97672118e-02,-2.38592690e-03,9.99999972e-10,4.52656786e-04,4.63268380e+04,2.20186861e+06,1.88376306e+03,3.88129034e-01
6.00000000e+00,1.96600035e-02,-2.34969752e-03,9.99999972e-10,5.65821181e-04,5.32123322e+04,2.46284932e+06,2.00147799e+03,4.21831447e-01
6.00000000e+00,1.95545442e-02,-2.30865390e-03,9.99999972e-10,6.78985798e-04,6.08339721e+04,2.74416460e+06,2.11638067e+03,4.57623881e-01
6.00000000e+00,1.94510520e-02,-2.26287986e-03,9.99999972e-10,7.92149029e-04,6.91580430e+04,3.03946868e+06,2.22419428e+03,4.95246582e-01
6.00000000e+00,1.93497371e-02,-2.21246900e-03,9.99999972e-10,9.05312429e-04,7.82462522e+04,3.35447741e+06,2.32627846e+03,5.35570812e-01
6.00000000e+00,1.92508064e-02,-2.15752516e-03,9.99999972e-10,1.01847649e-03,8.80606467e+04,3.68426467e+06,2.41831975e+03,5.78261001e-01
6.00000000e+00,1.91544630e-02,-2.09816033e-03,9.99999972e-10,1.13164117e-03,9.85933069e+04,4.02719023e+06,2.49883949e+03,6.23222092e-01
6.00000000e+00,1.90609060e-02,-2.03449675e-03,9.99999972e-10,1.24480455e-03,1.09840368e+05,4.38395066e+06,2.56596285e+03,6.70295030e-01
6.00000000e+00,1.89703256e-02,-1.96666433e-03,9.99999972e-10,1.35796838e-03,1.21652153e+05,4.74506699e+06,2.61472603e+03,7.18385763e-01
6.00000000e+00,1.88829061e-02,-1.89480209e-03,9.99999972e-10,1.47113355e-03,1.33938164e+05,5.10804217e+06,2.64749361e+03,7.67313845e-01
6.00000000e+00,1.87988300e-02,-1.81905762e-03,9.99999972e-10,1.58429720e-03,1.46693411e+05,5.47137206e+06,2.66412277e+03,8.16759708e-01
6.00000000e+00,1.87182669e-02,-1.73958600e-03,9.99999972e-10,1.69746148e-03,1.59987457e+05,5.83187204e+06,2.65770962e+03,8.65308922e-01
6.00000000e+00,1.86413825e-02,-1.65654998e-03,9.99999972e-10,1.81062593e-03,1.66751425e+05,6.00823417e+06,2.64612114e+03,8.88847269e-01
7.00000000e+00,1.86413825e-02,-1.65654998e-03,9.99999972e-10,0.00000000e+00,1.80945450e+05,6.42967749e+06,2.60454530e+03,9.15089396e-01
7.00000000e+00,1.85683351e-02,-1.57011952e-03,9.99999972e-10,1.13164219e-04,1.87431374e+05,6.59547880e+06,2.57390295e+03,9.16368881e-01
7.00000000e+00,1.84992738e-02,-1.48047192e-03,9.99999972e-10,2.26328498e-04,2.00504844e+05,6.92963338e+06,2.50548886e+03,9.18232328e-01
7.00000000e+00,1.84343401e-02,-1.38779078e-03,9.99999972e-10,3.39492879e-04,2.13621271e+05,7.26452154e+06,2.41901830e+03,9.17444921e-01
7.00000000e+00,1.83736682e-02,-1.29226607e-03,9.99999972e-10,4.52656718e-04,2.26511615e+05,7.58893001e+06,2.30988450e+03,9.12305390e-01
7.00000000e+00,1.83173809e-02,-1.19409361e-03,9.99999972e-10,5.65820709e-04,2.38948405e+05,7.89305958e+06,2.17818412e+03,9.02046273e-01
7.00000000e+00,1.82655919e-02,-1.09347445e-03,9.99999972e-10,6.78985696e-04,2.56455328e+05,8.30891398e+06,1.94522534e+03,8.76366499e-01
7.00000000e+00,1.82184111e-02,-9.90614644e-04,9.99999972e-10,7.92150035e-04,2.61739163e+05,8.43057795e+06,1.85538686e+03,8.63280772e-01
7.00000000e+00,1.81759335e-02,-8.85725312e-04,9.99999972e-10,9.05314165e-04,2.71806776e+05,8.65975895e+06,1.66787379e+03,8.33226801e-01
7.00000000e+00,1.81382466e-02,-7.79021007e-04,9.99999972e-10,1.01847825e-03,2.80813330e+05,8.86193688e+06,1.46630414e+03,7.94814653e-01
7.00000000e+00,1.81054268e-02,-6.70720532e-04,9.99999972e-10,1.13164244e-03,2.88649645e+05,9.03926520e+06,1.25382305e+03,7.46875549e-01
7.00000000e+00,1.80775411e-02,-5.61045716e-04,9.99999972e-10,1.24480681e-03,2.95240708e+05,9.19428516e+06,1.03358207e+03,6.88127109e-01
7.00000000e+00,1.80546474e-02,-4.50221327e-04,9.99999972e-10,1.35797116e-03,3.00559028e+05,9.33078306e+06,8.08032094e+02,6.16229797e-01
7.00000000e+00,1.80367921e-02,-3.38474463e-04,9.99999972e-10,1.47113553e-03,3.04597922e+05,9.45269338e+06,5.77148393e+02,5.25367039e-01
7.00000000e+00,1.80240124e-02,-2.26034099e-04,9.99999972e-10,1.58429981e-03,3.07285799e+05,9.55109006e+06,3.42206652e+02,4.03730985e-01
7.00000000e+00,1.80163346e-02,-1.13132613e-04,9.99999972e-10,1.69746205e-03,3.08481123e+05,9.57805597e+06,1.82774714e+02,3.00029077e-01
7.00000000e+00,1.80137735e-02,4.88279017e-09,9.99999972e-10,1.81062854e-03,3.08009783e+05,9.52364576e+06,2.44857235e+02,3.42551482e-01
7.00000000e+00,1.80163328e-02,1.13130562e-04,9.99999972e-10,1.92378316e-03,3.05964573e+05,9.45031605e+06,4.66540876e+02,4.77264834e-01
7.00000000e+00,1.80240124e-02,2.26034099e-04,9.99999972e-10,2.03694758e-03,3.02568017e+05,9.35873694e+06,7.00244386e+02,5.81592516e-01
7.00000000e+00,1.80367921e-02,3.38474492e-04,9.99999972e-10,2.15011189e-03,3.00539790e+05,9.29974314e+06,8.15825662e+02,6.27013797e-01
7.00000000e+00,1.80546474e-02,4.50221356e-04,9.99999972e-10,2.26327626e-03,2.91856653e+05,9.10015719e+06,1.15409658e+03,7.28798246e-01
7.00000000e+00,1.80775411e-02,5.61045716e-04,9.99999972e-10,2.37644058e-03,2.84584088e+05,8.94790782e+06,1.37325895e+03,7.81659591e-01
7.00000000e+00,1.81054268e-02,6.70720532e-04,9.99999972e-10,2.48960495e-03,2.76086450e+05,8.76631874e+06,1.58266500e+03,8.23775625e-01
7.00000000e+00,1.81382466e-02,7.79021007e-04,9.99999972e-10,2.60276914e-03,2.66467492e+05,8.55342393e+06,1.77818210e+03,8.56111543e-01
7.00000000e+00,1.81759335e-02,8.85725312e-04,9.99999972e-10,2.71593322e-03,2.55863457e+05,8.31153089e+06,1.95726889e+03,8.79698548e-01
7.00000000e+00,1.82184111e-02,9.90614644e-04,9.99999972e-10,2.82909735e-03,2.44419447e+05,8.04354949e+06,2.11844246e+03,8.95809782e-01
7.00000000e+00,1.82655919e-02,1.09347445e-03,9.99999972e-10,2.94226169e-03,2.32258785e+05,7.75128461e+06,2.26068906e+03,9.05530558e-01
7.00000000e+00,1.83173809e-02,1.19409361e-03,9.99999972e-10,3.05542668e-03,2.19517087e+05,7.43779286e+06,2.38293271e+03,9.09536193e-01
7.00000000e+00,1.83736682e-02,1.29226607e-03,9.99999972e-10,3.16859067e-03,2.06361086e+05,7.10518141e+06,2.48348593e+03,9.08493135e-01
7.00000000e+00,1.84343401e-02,1.38779078e-03,9.99999972e-10,3.28175451e-03,1.92986488e+05,6.75433548e+06,2.55930813e+03,9.02871594e-01
7.00000000e+00,1.84992738e-02,1.48047192e-03,9.99999972e-10,3.39491889e-03,1.79592256e+05,6.39289842e+06,2.60763412e+03,8.92851449e-01
7.00000000e+00,1.85683351e-02,1.57011952e-03,9.99999972e-10,3.50808317e-03,1.66486060e+05,6.04741259e+06,2.63933784e+03,8.81013651e-01
7.00000000e+00,1.86413825e-02,1.65654998e-03,9.99999972e-10,3.62124739e-03,1.60059539e+05,5.88360936e+06,2.65395301e+03,8.75264201e-01
