#   iter  time             time step        CFL              NlinRnorm0       NlinRnorm0(r)    Elem Eq RHO      Elem Eq RHOU     Elem Eq RHOV     Elem Eq RHOW     Elem Eq RHOE     Elem Eq       
       1  0.000000000E+00  4.708692655E-12  1.000000000E-02  3.061318551E+04  1.000000000E+00  7.469261017E+08  1.131093917E+12  9.530239703E+10  8.690727761E+10  4.045542900E+14  1.024215169E+09
      20  1.437438882E-10  1.188901603E-11  2.526950195E-02  3.059792296E+04  9.995014384E-01  7.081784843E+08  5.310139401E+11  3.051754178E+10  2.389929722E+10  3.636001769E+14  2.278689372E+07
      40  5.364582887E-10  3.147632018E-11  6.704751154E-02  3.055848410E+04  9.982131420E-01  6.824038997E+08  3.817205978E+11  2.322690646E+10  1.885914692E+10  3.545526637E+14  7.964614620E+06
      60  1.574524134E-09  8.306336815E-11  1.778970085E-01  3.045871499E+04  9.949541178E-01  6.650868491E+08  3.283558066E+11  2.167820994E+10  1.834389055E+10  3.475353165E+14  3.395544475E+06
      80  4.306370192E-09  2.181327868E-10  4.720137244E-01  3.025062341E+04  9.881566684E-01  6.582915885E+08  3.099854748E+11  2.546012386E+10  2.306053925E+10  3.421628933E+14  1.473907079E+06
     100  1.147528543E-08  5.730416092E-10  1.252392932E+00  2.989727354E+04  9.766142608E-01  6.698403864E+08  3.092260078E+11  3.592348284E+10  3.436360625E+10  3.471189932E+14  6.075988251E+05
     120  3.049792000E-08  1.543495430E-09  3.322971292E+00  2.936745153E+04  9.593072735E-01  7.235955028E+08  3.262746462E+11  5.779489117E+10  5.686776980E+10  3.767202791E+14  2.306243318E+05
     140  8.030827303E-08  3.788946734E-09  8.816832104E+00  2.837656362E+04  9.269392630E-01  9.244744576E+08  3.934249939E+11  1.128951429E+11  1.124446295E+11  4.993904836E+14  2.402418692E+05
     160  1.881031722E-07  6.386232679E-09  1.924603875E+01  2.644311812E+04  8.637819839E-01  1.707427756E+09  6.361900459E+11  3.671769504E+11  3.668570144E+11  1.134283131E+15  6.514523636E+05
     180  3.048080952E-07  5.373381169E-09  1.924603875E+01  2.499608660E+04  8.165137401E-01  2.272498837E+09  9.139975882E+11  6.997675393E+11  6.978679314E+11  2.124043810E+15  1.031465559E+06
     200  4.064460033E-07  4.802770416E-09  1.924603875E+01  2.405392249E+04  7.857373248E-01  2.745087456E+09  1.213677846E+12  1.046366562E+12  1.046035217E+12  3.252281695E+15  1.379109293E+06
     220  4.780695453E-07  2.443463402E-09  1.060937886E+01  2.353168962E+04  7.686782420E-01  2.867312704E+09  1.400343826E+12  1.232729849E+12  1.229990243E+12  4.097039169E+15  1.502515853E+06
     240  5.256662956E-07  2.321121106E-09  1.060937886E+01  2.338215901E+04  7.637937253E-01  2.913179945E+09  1.590724809E+12  1.450090930E+12  1.454710914E+12  4.712288681E+15  1.623827213E+06
     260  5.713441824E-07  2.249512406E-09  1.060937886E+01  2.347892196E+04  7.669545512E-01  2.901086717E+09  1.738116680E+12  1.634168833E+12  1.635044358E+12  5.181328387E+15  1.708430832E+06
     280  6.159004894E-07  2.208356924E-09  1.060937886E+01  2.381251030E+04  7.778514355E-01  2.880429959E+09  1.860687024E+12  1.794081656E+12  1.793831635E+12  5.573256548E+15  1.762778147E+06
     300  6.598632934E-07  2.190443194E-09  1.060937886E+01  2.439644653E+04  7.969260995E-01  2.838498985E+09  1.963905309E+12  1.907442007E+12  1.912216914E+12  5.866239577E+15  1.776775163E+06
     320  7.031250137E-07  2.134850750E-09  1.060937886E+01  2.542534088E+04  8.305356155E-01  2.790852363E+09  2.062737983E+12  1.989778368E+12  1.990382635E+12  6.064428250E+15  1.766947988E+06
     340  7.454358534E-07  2.097633728E-09  1.060937886E+01  2.706863537E+04  8.842149195E-01  2.715009216E+09  2.143451398E+12  2.024015529E+12  2.016420318E+12  6.111125601E+15  1.726652707E+06
     360  7.871901449E-07  2.080638154E-09  1.060937886E+01  2.939815628E+04  9.603102646E-01  2.585443345E+09  2.193793056E+12  1.978723670E+12  1.978941122E+12  5.947383759E+15  1.648765552E+06
     380  8.288289425E-07  2.087112199E-09  1.060937886E+01  3.255194041E+04  1.063330714E+00  2.415854391E+09  2.206070009E+12  1.886491566E+12  1.887357841E+12  5.637661484E+15  1.545444894E+06
     400  8.708083248E-07  2.117130692E-09  1.060937886E+01  3.816780277E+04  1.246776581E+00  2.229503158E+09  2.193789512E+12  1.779560498E+12  1.775040669E+12  5.274417854E+15  1.439020368E+06
     420  9.159072847E-07  2.512735053E-09  1.228168220E+01  4.604378863E+04  1.504050880E+00  1.991637897E+09  2.118850533E+12  1.630364316E+12  1.629508816E+12  4.806789130E+15  1.308303778E+06
     440  9.691848377E-07  2.888598609E-09  1.354055463E+01  5.765756163E+04  1.883422475E+00  1.733242115E+09  2.014730761E+12  1.463410336E+12  1.462149055E+12  4.301501715E+15  1.168531216E+06
     460  1.033591194E-06  3.566179920E-09  1.567488455E+01  7.266816889E+04  2.373753913E+00  1.513332941E+09  1.898105083E+12  1.295988029E+12  1.301500609E+12  3.844693595E+15  1.036477688E+06
     480  1.112408517E-06  4.392660376E-09  1.814563823E+01  8.813795787E+04  2.879084825E+00  1.332763158E+09  1.732128427E+12  1.137556274E+12  1.142990426E+12  3.419158153E+15  9.045374378E+05
     500  1.211278842E-06  5.615085374E-09  2.315894351E+01  9.878689034E+04  3.226939264E+00  1.132865514E+09  1.483560779E+12  9.518707849E+11  9.565160185E+11  2.904355187E+15  7.598056377E+05
     520  1.339977230E-06  7.551703591E-09  3.103519924E+01  1.015195992E+05  3.316205011E+00  8.967614771E+08  1.166228886E+12  7.450374896E+11  7.451552589E+11  2.280043346E+15  6.006418156E+05
     540  1.513342706E-06  1.016487472E-08  4.159013521E+01  9.759969996E+04  3.188158903E+00  6.652581982E+08  8.563661720E+11  5.514255413E+11  5.510898156E+11  1.683694166E+15  4.524168080E+05
     560  1.757101282E-06  1.510612532E-08  6.144757168E+01  8.989506532E+04  2.936481905E+00  4.959702401E+08  6.200714142E+11  4.032510113E+11  4.025061096E+11  1.225665924E+15  3.544452378E+05
     580  2.117679779E-06  2.228900750E-08  9.078604928E+01  8.369532811E+04  2.733963379E+00  3.694397103E+08  4.485152546E+11  2.942478771E+11  2.932215481E+11  8.880580949E+14  2.777870295E+05
     600  2.636579730E-06  3.061893143E-08  1.277450883E+02  8.266072610E+04  2.700167419E+00  2.612034195E+08  3.198971467E+11  2.048164268E+11  2.047232261E+11  6.212046958E+14  2.119775047E+05
     620  3.320209599E-06  3.814401465E-08  1.630387009E+02  8.584995061E+04  2.804345551E+00  1.818285846E+08  2.350823333E+11  1.432429758E+11  1.430514458E+11  4.406846566E+14  1.686683589E+05
     640  4.208286473E-06  5.044294622E-08  2.184874523E+02  8.952021961E+04  2.924237321E+00  1.278880919E+08  1.777331910E+11  1.010611631E+11  1.013991317E+11  3.181644250E+14  1.430657954E+05
     660  5.375511246E-06  6.720517682E-08  2.927940824E+02  9.298262135E+04  3.037338970E+00  9.195353446E+07  1.341618868E+11  7.291947453E+10  7.268365226E+10  2.330757369E+14  1.280333151E+05
     680  6.911686306E-06  9.039763674E-08  3.923720735E+02  9.487638034E+04  3.099199862E+00  6.623939851E+07  1.005873622E+11  5.190974199E+10  5.226952982E+10  1.698581462E+14  1.175848789E+05
     700  8.946356139E-06  1.159919644E-07  5.007772430E+02  9.674675306E+04  3.160296827E+00  4.802199117E+07  7.463576861E+10  3.800363751E+10  3.787096536E+10  1.245097966E+14  1.081391569E+05
     720  1.165923139E-05  1.558716066E-07  6.710894003E+02  9.768946457E+04  3.191091124E+00  3.480880693E+07  5.497802013E+10  2.731942377E+10  2.752837446E+10  9.064898206E+13  9.834644897E+04
     740  1.523154809E-05  2.091180215E-07  8.993239798E+02  9.939318501E+04  3.246744282E+00  2.537446719E+07  4.032907589E+10  2.002349819E+10  1.998176046E+10  6.625059699E+13  8.843210839E+04
     760  1.977848756E-05  2.326066545E-07  1.000000000E+03  1.005053493E+05  3.283073866E+00  1.819977027E+07  2.928145608E+10  1.406016938E+10  1.406166899E+10  4.743335583E+13  7.884545290E+04
     780  2.443075361E-05  2.326177500E-07  1.000000000E+03  1.026804647E+05  3.354125453E+00  1.383036030E+07  2.254887736E+10  1.043118924E+10  1.043650543E+10  3.591760383E+13  7.129901238E+04
     800  2.908320613E-05  2.326271533E-07  1.000000000E+03  1.029876342E+05  3.364159347E+00  1.095019182E+07  1.797282936E+10  8.146391184E+09  8.156055866E+09  2.835644798E+13  6.492122510E+04
     820  3.373579003E-05  2.326307867E-07  1.000000000E+03  1.003156051E+05  3.276875746E+00  8.902246700E+06  1.467328986E+10  6.532468287E+09  6.540086007E+09  2.291715991E+13  5.964632632E+04
     840  3.838842085E-05  2.326321133E-07  1.000000000E+03  9.626901311E+04  3.144691135E+00  7.367669332E+06  1.219157777E+10  5.317585137E+09  5.327746835E+09  1.883287830E+13  5.516772541E+04
     860  4.304106751E-05  2.326324860E-07  1.000000000E+03  9.200180671E+04  3.005300009E+00  6.181156948E+06  1.028334274E+10  4.377731925E+09  4.365288499E+09  1.567686842E+13  5.136637058E+04
     880  4.769371824E-05  2.326325716E-07  1.000000000E+03  8.752684001E+04  2.859122255E+00  5.219957941E+06  8.744181955E+09  3.600359089E+09  3.589667065E+09  1.312483250E+13  4.811447005E+04
     900  5.234636992E-05  2.326325920E-07  1.000000000E+03  8.322060831E+04  2.718456342E+00  4.457897133E+06  7.524964637E+09  2.986086072E+09  2.969709826E+09  1.110195195E+13  4.540018935E+04
     920  5.699902182E-05  2.326325975E-07  1.000000000E+03  7.931383672E+04  2.590839058E+00  3.869201260E+06  6.577972355E+09  2.513924531E+09  2.495722543E+09  9.547134161E+12  4.307839325E+04
     940  6.165167379E-05  2.326325990E-07  1.000000000E+03  7.566294029E+04  2.471580106E+00  3.414067792E+06  5.840512026E+09  2.154876022E+09  2.133919722E+09  8.356978300E+12  4.124529510E+04
     960  6.630432577E-05  2.326325994E-07  1.000000000E+03  7.215649584E+04  2.357039773E+00  3.057746276E+06  5.258139447E+09  1.885294481E+09  1.852912033E+09  7.431694625E+12  3.987308533E+04
     980  7.095697776E-05  2.326325996E-07  1.000000000E+03  6.885195193E+04  2.249094655E+00  2.763907493E+06  4.776066937E+09  1.667134734E+09  1.629391043E+09  6.674627244E+12  3.874035610E+04
    1000  7.560962975E-05  2.326325996E-07  1.000000000E+03  6.603567108E+04  2.157098974E+00  2.514162461E+06  4.366370404E+09  1.487363419E+09  1.442533314E+09  6.034917175E+12  3.772149733E+04
#   iter  time             time step        CFL              NlinRnorm0       NlinRnorm0(r)    Elem Eq RHO      Elem Eq RHOU     Elem Eq RHOV     Elem Eq RHOW     Elem Eq RHOE     Elem Eq       
    1020  7.944201919E-05  7.432146277E-07  3.194799994E+03  6.426144568E+04  2.099142726E+00  2.464558981E+06  4.162903714E+09  1.445074104E+09  1.395638897E+09  5.764216341E+12  3.807387262E+04
    1040  1.146857087E-04  2.326325996E-06  1.000000000E+04  5.490463974E+04  1.793496456E+00  2.197686870E+06  3.159495672E+09  1.375949095E+09  1.249043921E+09  4.725318605E+12  4.515818942E+04
    1060  1.612122286E-04  2.326325996E-06  1.000000000E+04  5.158201986E+04  1.684960875E+00  6.288809983E+07  7.815622464E+10  7.260968124E+10  6.204505129E+10  1.174069309E+14  1.521160269E+06
    1080  2.077387486E-04  2.326325996E-06  1.000000000E+04  4.992422652E+04  1.630807957E+00  5.604787636E+07  1.338552367E+11  1.157944839E+11  1.155373332E+11  2.726628528E+14  2.700953625E+06
    1100  2.542652685E-04  2.326325996E-06  1.000000000E+04  4.751954604E+04  1.552257475E+00  6.360403104E+07  1.454883152E+11  9.507119402E+10  9.455664448E+10  2.595632506E+14  2.795142088E+06
    1120  3.007917884E-04  2.326325996E-06  1.000000000E+04  4.383986166E+04  1.432058145E+00  6.866875887E+07  1.113043612E+11  6.794774528E+10  6.433893552E+10  1.636162860E+14  2.077479532E+06
    1140  3.473183083E-04  2.326325996E-06  1.000000000E+04  3.873985756E+04  1.265463130E+00  5.168161020E+07  8.028299204E+10  6.906046386E+10  5.856253393E+10  1.393487827E+14  1.787761011E+06
    1160  3.938448282E-04  2.326325996E-06  1.000000000E+04  3.226714057E+04  1.054027538E+00  4.199944868E+07  9.049858770E+10  8.655761460E+10  7.664592825E+10  1.878049230E+14  2.154799857E+06
    1180  4.403713482E-04  2.326325996E-06  1.000000000E+04  2.587586873E+04  8.452524067E-01  4.090180909E+07  1.051496304E+11  8.402437800E+10  8.665792812E+10  2.205305839E+14  2.515932835E+06
    1200  4.868978681E-04  2.326325996E-06  1.000000000E+04  2.002622203E+04  6.541698192E-01  4.235237828E+07  1.005480682E+11  6.872744901E+10  8.240930512E+10  2.048843181E+14  2.482168330E+06
    1220  5.334243880E-04  2.326325996E-06  1.000000000E+04  1.498835838E+04  4.896046631E-01  4.073897686E+07  9.958186549E+10  6.724251843E+10  7.615775521E+10  1.924863800E+14  2.395219264E+06
    1240  5.799509079E-04  2.326325996E-06  1.000000000E+04  1.079363746E+04  3.525813235E-01  4.063873587E+07  9.662159329E+10  6.606852265E+10  7.087470213E+10  1.785131845E+14  2.263538741E+06
    1260  6.264774278E-04  2.326325996E-06  1.000000000E+04  7.356768089E+03  2.403137068E-01  4.036254571E+07  8.892876782E+10  6.000609334E+10  6.443615415E+10  1.629396820E+14  2.097723723E+06
    1280  6.730039478E-04  2.326325996E-06  1.000000000E+04  4.659620807E+03  1.522096028E-01  3.809378904E+07  8.006316074E+10  5.284112734E+10  5.724805543E+10  1.478101100E+14  1.927688127E+06
    1300  7.195304677E-04  2.326325996E-06  1.000000000E+04  2.718919332E+03  8.881530249E-02  2.087293365E+07  4.764062062E+10  2.816557141E+10  2.949479903E+10  9.138512823E+13  1.222476025E+06
    1320  7.660569876E-04  2.326325996E-06  1.000000000E+04  1.546141864E+03  5.050574901E-02  1.422499664E+07  3.137839298E+10  2.474867391E+10  1.876975705E+10  6.406987079E+13  9.209433163E+05
    1340  8.125835075E-04  2.326325996E-06  1.000000000E+04  8.767233412E+02  2.863874917E-02  8.152858542E+06  2.443819592E+10  1.428547067E+10  1.420569394E+10  4.889430455E+13  7.041757600E+05
    1360  8.408095206E-04  1.341476794E-06  5.766503906E+03  5.090721340E+02  1.662917875E-02  2.271971364E+05  1.327160549E+08  6.304599032E+07  5.515040155E+07  1.034287111E+11  2.268022189E+03
    1380  1.116298307E-03  9.814187796E-06  4.218750000E+04  1.110693035E+01  3.628152434E-04  1.032541995E+04  2.449869046E+07  1.325261152E+07  9.367394403E+06  4.659352090E+10  1.183332395E+03
    1400  1.504572112E-03  2.326325996E-05  1.000000000E+05  1.996142927E-01  6.520533206E-06  2.527865199E+02  5.743421940E+05  3.261659583E+05  1.904436138E+05  1.079842681E+09  2.727249653E+01
    1420  1.865152641E-03  1.163163002E-05  5.000000000E+04  1.236751941E-03  4.039932206E-08  3.825895471E+02  2.393899953E+05  2.432204253E+05  2.587813989E+05  8.296415550E+08  3.316973961E-01
    1440  2.177275618E-03  1.656144191E-05  7.119140625E+04  4.326347480E-05  1.413230086E-09  1.529491212E+01  7.991469855E+03  9.234196180E+03  9.844956726E+03  3.268667490E+07  1.041085903E-02
    1460  2.478027601E-03  1.104096127E-05  4.746093750E+04  2.342487006E-06  7.651889102E-11  9.341633881E-01  4.898578320E+02  5.639349215E+02  6.016096247E+02  1.993465791E+06  6.554798603E-04
    1480  2.736983260E-03  1.492212804E-05  6.414461285E+04  1.740559827E-07  5.685654067E-12  8.865249474E-03  5.657225935E+00  5.682791344E+00  6.024829630E+00  1.941520230E+04  1.084149223E-05
    1500  2.890168231E-03  6.295272766E-06  2.706100855E+04  5.023728190E-08  1.641034118E-12  2.109418932E-04  1.463182808E-01  9.223267398E-02  8.778812601E-02  4.008099329E+02  2.095704547E-06
    1520  2.959416231E-03  3.147636383E-06  1.353050427E+04  3.574382185E-08  1.167595637E-12  2.038118872E-04  1.339734463E-01  8.549802813E-02  8.393686847E-02  3.800675943E+02  9.482146980E-07
