"ObjectId","Points:0","Points:1","Points:2","arc_length","pressure","wall-heat-flux","wall-tau-mag","wall-y_plus"
1.00000000e+00,1.77170002e+00,0.00000000e+00,2.04600006e-01,0.00000000e+00,9.00442090e+03,2.50358169e+05,2.13626899e+02,1.89412305e-01
1.00000000e+00,1.77169991e+00,0.00000000e+00,2.04600006e-01,1.19209290e-07,9.00442432e+03,2.50358428e+05,2.13627182e+02,1.89412299e-01
1.00000000e+00,1.77013743e+00,0.00000000e+00,2.04599947e-01,1.56259537e-03,9.04674217e+03,2.53564854e+05,2.17130211e+02,1.89332800e-01
1.00000000e+00,1.76857495e+00,0.00000000e+00,2.04599902e-01,3.12507153e-03,9.12550778e+03,2.57651400e+05,2.21247828e+02,1.87831779e-01
1.00000000e+00,1.76701248e+00,0.00000000e+00,2.04599842e-01,4.68754769e-03,9.20419365e+03,2.59389036e+05,2.22564316e+02,1.85054291e-01
1.00000000e+00,1.76544988e+00,0.00000000e+00,2.04599798e-01,6.25014305e-03,9.28903651e+03,2.61250234e+05,2.24084764e+02,1.82358620e-01
1.00000000e+00,1.76388741e+00,0.00000000e+00,2.04599723e-01,7.81261921e-03,9.37700263e+03,2.63353548e+05,2.25846836e+02,1.79719196e-01
1.00000000e+00,1.76232493e+00,0.00000000e+00,2.04599679e-01,9.37509537e-03,9.47046319e+03,2.65596940e+05,2.27760802e+02,1.77116267e-01
1.00000000e+00,1.76076233e+00,0.00000000e+00,2.04599634e-01,1.09376907e-02,9.56970905e+03,2.67944178e+05,2.29751026e+02,1.74515565e-01
1.00000000e+00,1.75919986e+00,0.00000000e+00,2.04599574e-01,1.25001669e-02,9.72966378e+03,2.71698240e+05,2.32917450e+02,1.70632886e-01
1.00000000e+00,1.75763726e+00,0.00000000e+00,2.04599530e-01,1.40627623e-02,9.78745661e+03,2.73037257e+05,2.34043958e+02,1.69342930e-01
1.00000000e+00,1.75607479e+00,0.00000000e+00,2.04599470e-01,1.56252384e-02,9.90707689e+03,2.75802439e+05,2.36364409e+02,1.66771911e-01
1.00000000e+00,1.75451231e+00,0.00000000e+00,2.04599425e-01,1.71877146e-02,1.00347330e+04,2.78726086e+05,2.38806874e+02,1.64209574e-01
1.00000000e+00,1.75294971e+00,0.00000000e+00,2.04599366e-01,1.87503100e-02,1.01712047e+04,2.81819258e+05,2.41380279e+02,1.61655879e-01
1.00000000e+00,1.75138724e+00,0.00000000e+00,2.04599321e-01,2.03127861e-02,1.03172833e+04,2.85092412e+05,2.44090176e+02,1.59109294e-01
1.00000000e+00,1.74982476e+00,0.00000000e+00,2.04599276e-01,2.18752623e-02,1.04737847e+04,2.88552181e+05,2.46941416e+02,1.56566747e-01
1.00000000e+00,1.74826217e+00,0.00000000e+00,2.04599217e-01,2.34378576e-02,1.06416446e+04,2.92207207e+05,2.49940216e+02,1.54026057e-01
1.00000000e+00,1.74669969e+00,0.00000000e+00,2.04599172e-01,2.50003338e-02,1.09150459e+04,2.98035506e+05,2.54705410e+02,1.50210227e-01
1.00000000e+00,1.74513710e+00,0.00000000e+00,2.04599127e-01,2.65629292e-02,1.10153088e+04,3.00111710e+05,2.56398474e+02,1.48933321e-01
1.00000000e+00,1.74357462e+00,0.00000000e+00,2.04599068e-01,2.81254053e-02,1.12235614e+04,3.04365234e+05,2.59870463e+02,1.46374778e-01
1.00000000e+00,1.74201214e+00,0.00000000e+00,2.04599008e-01,2.96878815e-02,1.14482051e+04,3.08820421e+05,2.63516686e+02,1.43805541e-01
1.00000000e+00,1.74044955e+00,0.00000000e+00,2.04598963e-01,3.12504769e-02,1.16912496e+04,3.13471469e+05,2.67343108e+02,1.41223077e-01
1.00000000e+00,1.73888707e+00,0.00000000e+00,2.04598904e-01,3.28129530e-02,1.19553345e+04,3.18311918e+05,2.71359559e+02,1.38627365e-01
1.00000000e+00,1.73732460e+00,0.00000000e+00,2.04598859e-01,3.43754292e-02,1.22438927e+04,3.23335394e+05,2.75572817e+02,1.36019172e-01
1.00000000e+00,1.73576200e+00,0.00000000e+00,2.04598814e-01,3.59380245e-02,1.25608924e+04,3.28519501e+05,2.79968891e+02,1.33393776e-01
1.00000000e+00,1.73419952e+00,0.00000000e+00,2.04598770e-01,3.75005007e-02,1.30958546e+04,3.36596931e+05,2.87073101e+02,1.29469745e-01
1.00000000e+00,1.73263705e+00,0.00000000e+00,2.04598710e-01,3.90629769e-02,1.33013349e+04,3.39573817e+05,2.89936016e+02,1.28228437e-01
1.00000000e+00,1.73107445e+00,0.00000000e+00,2.04598665e-01,4.06255722e-02,1.37375176e+04,3.46196716e+05,2.96653915e+02,1.25915475e-01
1.00000000e+00,1.72951198e+00,0.00000000e+00,2.04598606e-01,4.21880484e-02,1.42290590e+04,3.55824629e+05,3.06380242e+02,1.24117001e-01
1.00000000e+00,1.72794938e+00,0.00000000e+00,2.04598561e-01,4.37506438e-02,1.48038141e+04,3.73988914e+05,3.23019808e+02,1.23548938e-01
1.00000000e+00,1.72638690e+00,0.00000000e+00,2.04598516e-01,4.53131199e-02,1.55414370e+04,4.14368646e+05,3.57873556e+02,1.26187828e-01
1.00000000e+00,1.72482443e+00,0.00000000e+00,2.04598457e-01,4.68755961e-02,1.65700977e+04,5.09496866e+05,4.48680650e+02,1.37350589e-01
1.00000000e+00,1.72326183e+00,0.00000000e+00,2.04598412e-01,4.84381914e-02,1.83987534e+04,7.20869562e+05,6.95272602e+02,1.68274338e-01
1.00000000e+00,1.72169924e+00,0.00000000e+00,2.04597875e-01,5.00007869e-02,1.96224635e+04,8.65312460e+05,8.75144087e+02,1.90515561e-01
2.00000000e+00,1.72169924e+00,0.00000000e+00,2.04597875e-01,0.00000000e+00,1.01255170e+05,2.14406925e+06,1.37445728e+03,5.15262715e-01
2.00000000e+00,1.72040308e+00,0.00000000e+00,2.03756064e-01,1.54553672e-03,1.02807752e+05,2.13691352e+06,1.31406647e+03,5.07481222e-01
2.00000000e+00,1.71910679e+00,0.00000000e+00,2.02914223e-01,3.09118965e-03,1.04596247e+05,2.12222870e+06,1.24025204e+03,4.97624419e-01
2.00000000e+00,1.71781063e+00,0.00000000e+00,2.02072367e-01,4.63675073e-03,1.04842738e+05,2.11391385e+06,1.22441563e+03,4.95092795e-01
2.00000000e+00,1.71651435e+00,0.00000000e+00,2.01230511e-01,6.18241177e-03,1.04835496e+05,2.11259340e+06,1.22058126e+03,4.94311272e-01
2.00000000e+00,1.71521807e+00,0.00000000e+00,2.00388655e-01,7.72807282e-03,1.04804862e+05,2.11169085e+06,1.21790957e+03,4.93705925e-01
2.00000000e+00,1.71392190e+00,0.00000000e+00,1.99546799e-01,9.27363389e-03,1.04782493e+05,2.11091661e+06,1.21531631e+03,4.93134502e-01
2.00000000e+00,1.71262562e+00,0.00000000e+00,1.98704958e-01,1.08192868e-02,1.04766339e+05,2.11011110e+06,1.21258467e+03,4.92549354e-01
2.00000000e+00,1.71132946e+00,0.00000000e+00,1.97863117e-01,1.23648398e-02,1.04755166e+05,2.10929671e+06,1.20975803e+03,4.91956091e-01
2.00000000e+00,1.71003318e+00,0.00000000e+00,1.97021261e-01,1.39105008e-02,1.04747690e+05,2.10844800e+06,1.20683160e+03,4.91350804e-01
2.00000000e+00,1.70873690e+00,0.00000000e+00,1.96179405e-01,1.54561619e-02,1.04742433e+05,2.10709532e+06,1.20225801e+03,4.90418681e-01
2.00000000e+00,1.70744073e+00,0.00000000e+00,1.95337549e-01,1.70017229e-02,1.04742511e+05,2.10658750e+06,1.20065750e+03,4.90096632e-01
2.00000000e+00,1.70614445e+00,0.00000000e+00,1.94495693e-01,1.85473840e-02,1.04746515e+05,2.10559431e+06,1.19741717e+03,4.89452862e-01
2.00000000e+00,1.70484817e+00,0.00000000e+00,1.93653837e-01,2.00930450e-02,1.04757561e+05,2.10460084e+06,1.19405498e+03,4.88799633e-01
2.00000000e+00,1.70355201e+00,0.00000000e+00,1.92811981e-01,2.16386061e-02,1.04773980e+05,2.10355085e+06,1.19053493e+03,4.88125907e-01
2.00000000e+00,1.70225573e+00,0.00000000e+00,1.91970125e-01,2.31842672e-02,1.04794421e+05,2.10243260e+06,1.18685875e+03,4.87428760e-01
2.00000000e+00,1.70095944e+00,0.00000000e+00,1.91128284e-01,2.47299201e-02,1.04816440e+05,2.10120148e+06,1.18300243e+03,4.86697695e-01
2.00000000e+00,1.69966328e+00,0.00000000e+00,1.90286428e-01,2.62754812e-02,1.04836563e+05,2.09981504e+06,1.17895538e+03,4.85922565e-01
2.00000000e+00,1.69836700e+00,0.00000000e+00,1.89444572e-01,2.78211422e-02,1.04852562e+05,2.09826161e+06,1.17472637e+03,4.85099902e-01
2.00000000e+00,1.69707072e+00,0.00000000e+00,1.88602716e-01,2.93668033e-02,1.04863362e+05,2.09652197e+06,1.17031919e+03,4.84227975e-01
2.00000000e+00,1.69577456e+00,0.00000000e+00,1.87760860e-01,3.09123643e-02,1.04872044e+05,2.09358713e+06,1.16341271e+03,4.82840526e-01
2.00000000e+00,1.69447827e+00,0.00000000e+00,1.86919019e-01,3.24580173e-02,1.04873661e+05,2.09248198e+06,1.16099844e+03,4.82351374e-01
2.00000000e+00,1.69318199e+00,0.00000000e+00,1.86077163e-01,3.40036783e-02,1.04878567e+05,2.09020539e+06,1.15609075e+03,4.81359790e-01
2.00000000e+00,1.69188583e+00,0.00000000e+00,1.85235322e-01,3.55492313e-02,1.04889167e+05,2.08782832e+06,1.15101501e+03,4.80344606e-01
2.00000000e+00,1.69058955e+00,0.00000000e+00,1.84393466e-01,3.70948923e-02,1.04909096e+05,2.08538886e+06,1.14573858e+03,4.79306669e-01
2.00000000e+00,1.68929327e+00,0.00000000e+00,1.83551610e-01,3.86405534e-02,1.04938592e+05,2.08286831e+06,1.14021824e+03,4.78237124e-01
2.00000000e+00,1.68799710e+00,0.00000000e+00,1.82709754e-01,4.01861144e-02,1.04975081e+05,2.08021207e+06,1.13442912e+03,4.77124694e-01
2.00000000e+00,1.68670082e+00,0.00000000e+00,1.81867898e-01,4.17317755e-02,1.05016146e+05,2.07736825e+06,1.12837207e+03,4.75963832e-01
2.00000000e+00,1.68540454e+00,0.00000000e+00,1.81026042e-01,4.32774365e-02,1.05063045e+05,2.07434247e+06,1.12206362e+03,4.74760199e-01
2.00000000e+00,1.68410838e+00,0.00000000e+00,1.80184186e-01,4.48229976e-02,1.05120602e+05,2.07118620e+06,1.11549235e+03,4.73521205e-01
2.00000000e+00,1.68281209e+00,0.00000000e+00,1.79342330e-01,4.63686586e-02,1.05232488e+05,2.06625398e+06,1.10506810e+03,4.71591673e-01
2.00000000e+00,1.68151581e+00,0.00000000e+00,1.78500488e-01,4.79143116e-02,1.05278357e+05,2.06448306e+06,1.10133301e+03,4.70908860e-01
2.00000000e+00,1.68021965e+00,0.00000000e+00,1.77658632e-01,4.94598726e-02,1.05375464e+05,2.06081635e+06,1.09366524e+03,4.69510017e-01
2.00000000e+00,1.67892337e+00,0.00000000e+00,1.76816791e-01,5.10055256e-02,1.05485485e+05,2.05692520e+06,1.08559415e+03,4.68046894e-01
2.00000000e+00,1.67762709e+00,0.00000000e+00,1.75974935e-01,5.25511866e-02,1.05612045e+05,2.05283414e+06,1.07706040e+03,4.66512874e-01
2.00000000e+00,1.67633092e+00,0.00000000e+00,1.75133079e-01,5.40967477e-02,1.05751079e+05,2.04841485e+06,1.06794808e+03,4.64872724e-01
2.00000000e+00,1.67503464e+00,0.00000000e+00,1.74291223e-01,5.56424087e-02,1.05893314e+05,2.04350478e+06,1.05822041e+03,4.63096872e-01
2.00000000e+00,1.67373836e+00,0.00000000e+00,1.73449367e-01,5.71880698e-02,1.06038589e+05,2.03808289e+06,1.04792593e+03,4.61193302e-01
2.00000000e+00,1.67244220e+00,0.00000000e+00,1.72607511e-01,5.87336309e-02,1.06198511e+05,2.03225896e+06,1.03701380e+03,4.59172568e-01
2.00000000e+00,1.67114592e+00,0.00000000e+00,1.71765670e-01,6.02792838e-02,1.06368378e+05,2.02582748e+06,1.02520671e+03,4.56960869e-01
2.00000000e+00,1.66984963e+00,0.00000000e+00,1.70923814e-01,6.18249448e-02,1.06600113e+05,2.01470230e+06,1.00575068e+03,4.53176839e-01
2.00000000e+00,1.66855347e+00,0.00000000e+00,1.70081958e-01,6.33705059e-02,1.06656151e+05,2.01029799e+06,9.98666546e+02,4.51723713e-01
2.00000000e+00,1.66725719e+00,0.00000000e+00,1.69240102e-01,6.49161670e-02,1.06751598e+05,2.00088335e+06,9.84044549e+02,4.48669220e-01
2.00000000e+00,1.66596091e+00,0.00000000e+00,1.68398246e-01,6.64618280e-02,1.06817117e+05,1.99024227e+06,9.68434252e+02,4.45304475e-01
2.00000000e+00,1.66466475e+00,0.00000000e+00,1.67556390e-01,6.80073891e-02,1.06855493e+05,1.97845965e+06,9.51670319e+02,4.41591199e-01
2.00000000e+00,1.66336846e+00,0.00000000e+00,1.66714549e-01,6.95530420e-02,1.06851756e+05,1.96555088e+06,9.33587216e+02,4.37453052e-01
2.00000000e+00,1.66207218e+00,0.00000000e+00,1.65872693e-01,7.10987031e-02,1.06757797e+05,1.95068395e+06,9.13944949e+02,4.32733210e-01
2.00000000e+00,1.66077602e+00,0.00000000e+00,1.65030852e-01,7.26442560e-02,1.06531065e+05,1.93323420e+06,8.92878999e+02,4.27375183e-01
2.00000000e+00,1.65947974e+00,0.00000000e+00,1.64188996e-01,7.41899171e-02,1.06159942e+05,1.91338311e+06,8.70706714e+02,4.21425949e-01
2.00000000e+00,1.65818346e+00,0.00000000e+00,1.63347140e-01,7.57355781e-02,1.05640327e+05,1.89126259e+06,8.47389645e+02,4.14864518e-01
2.00000000e+00,1.65688729e+00,0.00000000e+00,1.62505284e-01,7.72811392e-02,1.05343022e+05,1.87965282e+06,8.35429284e+02,4.11425742e-01
2.00000000e+00,1.65559101e+00,0.00000000e+00,1.61663428e-01,7.88268002e-02,1.04063120e+05,1.83949798e+06,7.96796709e+02,3.99586874e-01
2.00000000e+00,1.65429473e+00,0.00000000e+00,1.60821572e-01,8.03724613e-02,1.02905291e+05,1.80898413e+06,7.69743594e+02,3.90734418e-01
2.00000000e+00,1.65299857e+00,0.00000000e+00,1.59979716e-01,8.19180223e-02,1.01469245e+05,1.77532267e+06,7.42144974e+02,3.81173922e-01
2.00000000e+00,1.65170228e+00,0.00000000e+00,1.59137860e-01,8.34636834e-02,9.97620063e+04,1.73885037e+06,7.14259960e+02,3.70990433e-01
2.00000000e+00,1.65040600e+00,0.00000000e+00,1.58296019e-01,8.50093363e-02,9.77859206e+04,1.69964591e+06,6.86161140e+02,3.60214986e-01
2.00000000e+00,1.64910984e+00,0.00000000e+00,1.57454178e-01,8.65548893e-02,9.55499209e+04,1.65782854e+06,6.58065749e+02,3.48928561e-01
2.00000000e+00,1.64781356e+00,0.00000000e+00,1.56612322e-01,8.81005503e-02,9.30778381e+04,1.61372274e+06,6.30235293e+02,3.37250620e-01
2.00000000e+00,1.64651728e+00,0.00000000e+00,1.55770466e-01,8.96462114e-02,9.04062130e+04,1.56776764e+06,6.02837022e+02,3.25297963e-01
2.00000000e+00,1.64522111e+00,0.00000000e+00,1.54928610e-01,9.11917724e-02,8.75812038e+04,1.52054557e+06,5.75935475e+02,3.13175089e-01
2.00000000e+00,1.64392483e+00,0.00000000e+00,1.54086754e-01,9.27374335e-02,8.61365346e+04,1.49670334e+06,5.62609440e+02,3.07082694e-01
2.00000000e+00,1.64262855e+00,0.00000000e+00,1.53244898e-01,9.42830945e-02,8.16160791e+04,1.42391471e+06,5.23054266e+02,2.88533545e-01
2.00000000e+00,1.64133239e+00,0.00000000e+00,1.52403042e-01,9.58286556e-02,7.85043266e+04,1.37455131e+06,4.96856491e+02,2.76010208e-01
2.00000000e+00,1.64003611e+00,0.00000000e+00,1.51561186e-01,9.73743167e-02,7.53374837e+04,1.32498446e+06,4.71052819e+02,2.63471052e-01
2.00000000e+00,1.63873982e+00,0.00000000e+00,1.50719360e-01,9.89199615e-02,7.21539042e+04,1.27575394e+06,4.45511482e+02,2.50945452e-01
2.00000000e+00,1.63744366e+00,0.00000000e+00,1.49877504e-01,1.00465523e-01,6.89598421e+04,1.22670507e+06,4.19714648e+02,2.38298413e-01
2.00000000e+00,1.63614738e+00,0.00000000e+00,1.49035648e-01,1.02011184e-01,6.57377303e+04,1.17749289e+06,3.93550934e+02,2.25466219e-01
2.00000000e+00,1.63485110e+00,0.00000000e+00,1.48193792e-01,1.03556845e-01,6.24984697e+04,1.12872267e+06,3.67534752e+02,2.12609857e-01
2.00000000e+00,1.63355494e+00,0.00000000e+00,1.47351936e-01,1.05102406e-01,5.92683448e+04,1.08121598e+06,3.41774775e+02,1.99801037e-01
2.00000000e+00,1.63225865e+00,0.00000000e+00,1.46510080e-01,1.06648067e-01,5.60586227e+04,1.03587891e+06,3.16107556e+02,1.87006894e-01
2.00000000e+00,1.63096237e+00,0.00000000e+00,1.45668224e-01,1.08193728e-01,5.44593995e+04,1.01393850e+06,3.03313914e+02,1.80618327e-01
2.00000000e+00,1.62966621e+00,0.00000000e+00,1.44826367e-01,1.09739289e-01,4.96929242e+04,9.60862859e+05,2.66220271e+02,1.61767197e-01
2.00000000e+00,1.62836993e+00,0.00000000e+00,1.43984526e-01,1.11284942e-01,4.65038188e+04,9.33096870e+05,2.41171272e+02,1.49007506e-01
2.00000000e+00,1.62707365e+00,0.00000000e+00,1.43142685e-01,1.12830595e-01,4.32726067e+04,9.09095794e+05,2.13377023e+02,1.35240412e-01
2.00000000e+00,1.62577748e+00,0.00000000e+00,1.42300829e-01,1.14376156e-01,3.99313876e+04,8.85184569e+05,1.79835237e+02,1.19271185e-01
2.00000000e+00,1.62448120e+00,0.00000000e+00,1.41458973e-01,1.15921817e-01,3.63517302e+04,8.54463570e+05,1.38101471e+02,9.96472078e-02
2.00000000e+00,1.62318492e+00,0.00000000e+00,1.40617117e-01,1.17467478e-01,3.23952863e+04,8.07411121e+05,9.13370000e+01,7.63105899e-02
2.00000000e+00,1.62188876e+00,0.00000000e+00,1.39775261e-01,1.19013039e-01,2.79458256e+04,7.34005765e+05,6.69600423e+01,6.10134006e-02
2.00000000e+00,1.62059247e+00,0.00000000e+00,1.38933405e-01,1.20558700e-01,2.31440865e+04,6.43811662e+05,8.84214808e+01,6.29161493e-02
2.00000000e+00,1.61929619e+00,0.00000000e+00,1.38091549e-01,1.22104361e-01,1.86303797e+04,5.41201890e+05,1.28684139e+02,6.87681642e-02
2.00000000e+00,1.61800003e+00,0.00000000e+00,1.37249708e-01,1.23649914e-01,1.65571123e+04,4.84274817e+05,1.46769576e+02,6.98517510e-02
3.00000000e+00,1.61800003e+00,0.00000000e+00,1.37249708e-01,0.00000000e+00,8.69633108e+03,2.48384055e+05,1.36821186e+02,4.92149428e-02
3.00000000e+00,1.61646020e+00,0.00000000e+00,1.37249708e-01,1.53982639e-03,8.08776537e+03,2.11661162e+05,1.10603409e+02,4.26639389e-02
3.00000000e+00,1.61492002e+00,0.00000000e+00,1.37249708e-01,3.08001041e-03,6.45951266e+03,1.44835817e+05,5.63519655e+01,2.70416088e-02
3.00000000e+00,1.61337888e+00,0.00000000e+00,1.37249708e-01,4.62114811e-03,4.85809688e+03,1.19925365e+05,4.27267146e+01,2.03702319e-02
3.00000000e+00,1.61183655e+00,0.00000000e+00,1.37249708e-01,6.16347790e-03,4.03143373e+03,1.34103119e+05,8.79619205e+01,2.69245343e-02
3.00000000e+00,1.61029255e+00,0.00000000e+00,1.37249708e-01,7.70747662e-03,3.74184736e+03,1.46409012e+05,1.27245362e+02,3.20512768e-02
3.00000000e+00,1.60874641e+00,0.00000000e+00,1.37249708e-01,9.25362110e-03,3.69050041e+03,1.50392845e+05,1.37032975e+02,3.32568761e-02
3.00000000e+00,1.60719776e+00,0.00000000e+00,1.37249708e-01,1.08022690e-02,3.68267405e+03,1.51155326e+05,1.38557321e+02,3.36111848e-02
3.00000000e+00,1.60564613e+00,0.00000000e+00,1.37249708e-01,1.23538971e-02,3.68119366e+03,1.51264796e+05,1.38778864e+02,3.38372065e-02
3.00000000e+00,1.60409105e+00,0.00000000e+00,1.37249708e-01,1.39089823e-02,3.68037671e+03,1.51271706e+05,1.38816378e+02,3.41477839e-02
3.00000000e+00,1.60253227e+00,0.00000000e+00,1.37249708e-01,1.54677629e-02,3.68016017e+03,1.51268104e+05,1.38817711e+02,3.42505189e-02
3.00000000e+00,1.60096920e+00,0.00000000e+00,1.37249708e-01,1.70308352e-02,3.67973093e+03,1.51260693e+05,1.38819887e+02,3.44562135e-02
3.00000000e+00,1.59940147e+00,0.00000000e+00,1.37249708e-01,1.85985565e-02,3.67930665e+03,1.51253066e+05,1.38821533e+02,3.46624289e-02
3.00000000e+00,1.59782863e+00,0.00000000e+00,1.37249708e-01,2.01714039e-02,3.67888468e+03,1.51245533e+05,1.38823264e+02,3.48692862e-02
3.00000000e+00,1.59625030e+00,0.00000000e+00,1.37249708e-01,2.17497349e-02,3.67846365e+03,1.51238151e+05,1.38825189e+02,3.50768510e-02
3.00000000e+00,1.59466600e+00,0.00000000e+00,1.37249708e-01,2.33340263e-02,3.67804303e+03,1.51230896e+05,1.38827272e+02,3.52851746e-02
3.00000000e+00,1.59307528e+00,0.00000000e+00,1.37249708e-01,2.49247551e-02,3.67762249e+03,1.51223751e+05,1.38829483e+02,3.54943102e-02
3.00000000e+00,1.59147775e+00,0.00000000e+00,1.37249723e-01,2.65222788e-02,3.67720139e+03,1.51216688e+05,1.38831801e+02,3.57043108e-02
3.00000000e+00,1.58987296e+00,0.00000000e+00,1.37249723e-01,2.81270742e-02,3.67699036e+03,1.51213161e+05,1.38832975e+02,3.58095314e-02
3.00000000e+00,1.58826041e+00,0.00000000e+00,1.37249723e-01,2.97396183e-02,3.67635498e+03,1.51202733e+05,1.38836730e+02,3.61271260e-02
3.00000000e+00,1.58663976e+00,0.00000000e+00,1.37249723e-01,3.13602686e-02,3.67592831e+03,1.51195793e+05,1.38839318e+02,3.63400495e-02
3.00000000e+00,1.58501053e+00,0.00000000e+00,1.37249723e-01,3.29895020e-02,3.67549846e+03,1.51188849e+05,1.38841979e+02,3.65540569e-02
3.00000000e+00,1.58337235e+00,0.00000000e+00,1.37249723e-01,3.46276760e-02,3.67506478e+03,1.51181879e+05,1.38844705e+02,3.67692034e-02
3.00000000e+00,1.58172452e+00,0.00000000e+00,1.37249723e-01,3.62755060e-02,3.67462669e+03,1.51174867e+05,1.38847492e+02,3.69855457e-02
3.00000000e+00,1.58006680e+00,0.00000000e+00,1.37249723e-01,3.79332304e-02,3.67418359e+03,1.51167794e+05,1.38850339e+02,3.72031407e-02
3.00000000e+00,1.57839870e+00,0.00000000e+00,1.37249723e-01,3.96013260e-02,3.67373499e+03,1.51160646e+05,1.38853251e+02,3.74220465e-02
3.00000000e+00,1.57671976e+00,0.00000000e+00,1.37249723e-01,4.12802696e-02,3.67328053e+03,1.51153416e+05,1.38856236e+02,3.76423236e-02
3.00000000e+00,1.57502961e+00,0.00000000e+00,1.37249723e-01,4.29704189e-02,3.67305156e+03,1.51149769e+05,1.38857739e+02,3.77528101e-02
3.00000000e+00,1.57332754e+00,0.00000000e+00,1.37249723e-01,4.46724892e-02,3.67235350e+03,1.51138713e+05,1.38862496e+02,3.80872424e-02
3.00000000e+00,1.57161331e+00,0.00000000e+00,1.37249723e-01,4.63867188e-02,3.67188110e+03,1.51131258e+05,1.38865817e+02,3.83120145e-02
3.00000000e+00,1.56988633e+00,0.00000000e+00,1.37249723e-01,4.81137037e-02,3.67140322e+03,1.51123759e+05,1.38869303e+02,3.85384191e-02
3.00000000e+00,1.56814611e+00,0.00000000e+00,1.37249723e-01,4.98539209e-02,3.67092043e+03,1.51116244e+05,1.38872988e+02,3.87665270e-02
3.00000000e+00,1.56639230e+00,0.00000000e+00,1.37249738e-01,5.16077280e-02,3.67043346e+03,1.51108745e+05,1.38876910e+02,3.89964105e-02
3.00000000e+00,1.56462443e+00,0.00000000e+00,1.37249738e-01,5.33756018e-02,3.66994320e+03,1.51101299e+05,1.38881110e+02,3.92281448e-02
3.00000000e+00,1.56284177e+00,0.00000000e+00,1.37249738e-01,5.51582575e-02,3.66945098e+03,1.51093970e+05,1.38885643e+02,3.94618093e-02
3.00000000e+00,1.56104410e+00,0.00000000e+00,1.37249738e-01,5.69559336e-02,3.66895826e+03,1.51086835e+05,1.38890558e+02,3.96974846e-02
3.00000000e+00,1.55923080e+00,0.00000000e+00,1.37249738e-01,5.87692261e-02,3.66871165e+03,1.51083314e+05,1.38893105e+02,3.98158318e-02
3.00000000e+00,1.55740154e+00,0.00000000e+00,1.37249738e-01,6.05984926e-02,3.66797571e+03,1.51073335e+05,1.38901641e+02,4.01751738e-02
3.00000000e+00,1.55555546e+00,0.00000000e+00,1.37249738e-01,6.24445677e-02,3.66748790e+03,1.51067050e+05,1.38907860e+02,4.04173413e-02
3.00000000e+00,1.55369246e+00,0.00000000e+00,1.37249738e-01,6.43075705e-02,3.66700346e+03,1.51061123e+05,1.38914552e+02,4.06618244e-02
3.00000000e+00,1.55181170e+00,0.00000000e+00,1.37249738e-01,6.61883354e-02,3.66652271e+03,1.51055569e+05,1.38921716e+02,4.09086944e-02
3.00000000e+00,1.54991281e+00,0.00000000e+00,1.37249738e-01,6.80872202e-02,3.66604563e+03,1.51050394e+05,1.38929350e+02,4.11580207e-02
3.00000000e+00,1.54799533e+00,0.00000000e+00,1.37249738e-01,7.00047016e-02,3.66557190e+03,1.51045595e+05,1.38937443e+02,4.14098712e-02
3.00000000e+00,1.54605865e+00,0.00000000e+00,1.37249738e-01,7.19413757e-02,3.66510094e+03,1.51041158e+05,1.38945982e+02,4.16643120e-02
3.00000000e+00,1.54410231e+00,0.00000000e+00,1.37249738e-01,7.38977194e-02,3.66463200e+03,1.51037057e+05,1.38954950e+02,4.19214084e-02
3.00000000e+00,1.54212570e+00,0.00000000e+00,1.37249738e-01,7.58743286e-02,3.66439762e+03,1.51035075e+05,1.38959526e+02,4.20506249e-02
3.00000000e+00,1.54012823e+00,0.00000000e+00,1.37249738e-01,7.78717995e-02,3.66369639e+03,1.51029784e+05,1.38974110e+02,4.24438287e-02
3.00000000e+00,1.53810954e+00,0.00000000e+00,1.37249753e-01,7.98904896e-02,3.66322715e+03,1.51026540e+05,1.38984260e+02,4.27092787e-02
3.00000000e+00,1.53606892e+00,0.00000000e+00,1.37249753e-01,8.19311142e-02,3.66275491e+03,1.51023487e+05,1.38994765e+02,4.29776389e-02
3.00000000e+00,1.53400576e+00,0.00000000e+00,1.37249753e-01,8.39942694e-02,3.66227833e+03,1.51020591e+05,1.39005625e+02,4.32489765e-02
3.00000000e+00,1.53191972e+00,0.00000000e+00,1.37249753e-01,8.60803127e-02,3.66179616e+03,1.51017817e+05,1.39016841e+02,4.35233600e-02
3.00000000e+00,1.52981007e+00,0.00000000e+00,1.37249753e-01,8.81899595e-02,3.66130728e+03,1.51015132e+05,1.39028421e+02,4.38008611e-02
3.00000000e+00,1.52767622e+00,0.00000000e+00,1.37249753e-01,9.03238058e-02,3.66081099e+03,1.51012520e+05,1.39040395e+02,4.40815574e-02
3.00000000e+00,1.52551758e+00,0.00000000e+00,1.37249753e-01,9.24824476e-02,3.66030720e+03,1.51009990e+05,1.39052817e+02,4.43655353e-02
3.00000000e+00,1.52333367e+00,0.00000000e+00,1.37249753e-01,9.46663618e-02,3.66005311e+03,1.51008734e+05,1.39059134e+02,4.45083516e-02
3.00000000e+00,1.52112389e+00,0.00000000e+00,1.37249753e-01,9.68761444e-02,3.65927987e+03,1.51005319e+05,1.39079291e+02,4.49437178e-02
3.00000000e+00,1.51888752e+00,0.00000000e+00,1.37249753e-01,9.91125107e-02,3.65876016e+03,1.51003364e+05,1.39093558e+02,4.52381435e-02
3.00000000e+00,1.51662397e+00,0.00000000e+00,1.37249753e-01,1.01376057e-01,3.65824034e+03,1.51001868e+05,1.39108672e+02,4.55362866e-02
3.00000000e+00,1.51433265e+00,0.00000000e+00,1.37249753e-01,1.03667378e-01,3.65772315e+03,1.51000934e+05,1.39124718e+02,4.58382642e-02
3.00000000e+00,1.51201296e+00,0.00000000e+00,1.37249768e-01,1.05987072e-01,3.65721169e+03,1.51000684e+05,1.39141802e+02,4.61442003e-02
3.00000000e+00,1.50966418e+00,0.00000000e+00,1.37249768e-01,1.08335853e-01,3.65670907e+03,1.51001256e+05,1.39160028e+02,4.64542213e-02
3.00000000e+00,1.50728571e+00,0.00000000e+00,1.37249768e-01,1.10714316e-01,3.65621802e+03,1.51002779e+05,1.39179470e+02,4.67684482e-02
3.00000000e+00,1.50487697e+00,0.00000000e+00,1.37249768e-01,1.13123059e-01,3.65574065e+03,1.51005341e+05,1.39200169e+02,4.70869941e-02
3.00000000e+00,1.50243723e+00,0.00000000e+00,1.37249783e-01,1.15562797e-01,3.65550521e+03,1.51006874e+05,1.39210820e+02,4.72473554e-02
3.00000000e+00,1.49996579e+00,0.00000000e+00,1.37249783e-01,1.18034244e-01,3.65483055e+03,1.51013752e+05,1.39245376e+02,4.77374541e-02
3.00000000e+00,1.49746203e+00,0.00000000e+00,1.37249783e-01,1.20537996e-01,3.65439724e+03,1.51019616e+05,1.39269869e+02,4.80695555e-02
3.00000000e+00,1.49492526e+00,0.00000000e+00,1.37249783e-01,1.23074770e-01,3.65397672e+03,1.51026544e+05,1.39295580e+02,4.84063512e-02
3.00000000e+00,1.49235487e+00,0.00000000e+00,1.37249783e-01,1.25645161e-01,3.65356684e+03,1.51034465e+05,1.39322470e+02,4.87479198e-02
3.00000000e+00,1.48974991e+00,0.00000000e+00,1.37249783e-01,1.28250122e-01,3.65316486e+03,1.51043295e+05,1.39350500e+02,4.90943376e-02
3.00000000e+00,1.48710990e+00,0.00000000e+00,1.37249798e-01,1.30890131e-01,3.65276789e+03,1.51052953e+05,1.39379646e+02,4.94456829e-02
3.00000000e+00,1.48443401e+00,0.00000000e+00,1.37249798e-01,1.33566022e-01,3.65237337e+03,1.51063377e+05,1.39409907e+02,4.98020414e-02
3.00000000e+00,1.48172152e+00,0.00000000e+00,1.37249798e-01,1.36278510e-01,3.65197916e+03,1.51074527e+05,1.39441305e+02,5.01635064e-02
3.00000000e+00,1.47897172e+00,0.00000000e+00,1.37249798e-01,1.39028311e-01,3.65178144e+03,1.51080261e+05,1.39457274e+02,5.03455216e-02
3.00000000e+00,1.47618377e+00,0.00000000e+00,1.37249798e-01,1.41816258e-01,3.65118391e+03,1.51098704e+05,1.39507684e+02,5.09021590e-02
3.00000000e+00,1.47335696e+00,0.00000000e+00,1.37249798e-01,1.44643068e-01,3.65078453e+03,1.51111890e+05,1.39542993e+02,5.12796341e-02
3.00000000e+00,1.47049057e+00,0.00000000e+00,1.37249798e-01,1.47509456e-01,3.65038835e+03,1.51126044e+05,1.39579991e+02,5.16627715e-02
3.00000000e+00,1.46758378e+00,0.00000000e+00,1.37249798e-01,1.50416255e-01,3.65000039e+03,1.51141371e+05,1.39618911e+02,5.20517652e-02
3.00000000e+00,1.46463585e+00,0.00000000e+00,1.37249798e-01,1.53364182e-01,3.64962725e+03,1.51158153e+05,1.39660040e+02,5.24468349e-02
3.00000000e+00,1.46164584e+00,0.00000000e+00,1.37249798e-01,1.56354189e-01,3.64927649e+03,1.51176724e+05,1.39703667e+02,5.28482127e-02
3.00000000e+00,1.45861292e+00,0.00000000e+00,1.37249812e-01,1.59387112e-01,3.64895608e+03,1.51197421e+05,1.39750066e+02,5.32561356e-02
3.00000000e+00,1.45553637e+00,0.00000000e+00,1.37249812e-01,1.62463665e-01,3.64867382e+03,1.51220577e+05,1.39799502e+02,5.36708437e-02
3.00000000e+00,1.45241535e+00,0.00000000e+00,1.37249812e-01,1.65584683e-01,3.64833095e+03,1.51260237e+05,1.39879433e+02,5.43052275e-02
3.00000000e+00,1.44924903e+00,0.00000000e+00,1.37249812e-01,1.68751001e-01,3.64825109e+03,1.51275520e+05,1.39908413e+02,5.45215492e-02
3.00000000e+00,1.44603634e+00,0.00000000e+00,1.37249812e-01,1.71963692e-01,3.64812110e+03,1.51307849e+05,1.39968322e+02,5.49579968e-02
3.00000000e+00,1.44277668e+00,0.00000000e+00,1.37249812e-01,1.75223351e-01,3.64804827e+03,1.51343514e+05,1.40032046e+02,5.54020980e-02
3.00000000e+00,1.43946886e+00,0.00000000e+00,1.37249812e-01,1.78531170e-01,3.64803205e+03,1.51382040e+05,1.40099406e+02,5.58539678e-02
3.00000000e+00,1.43611228e+00,0.00000000e+00,1.37249812e-01,1.81887746e-01,3.64808512e+03,1.51424590e+05,1.40170966e+02,5.63139730e-02
3.00000000e+00,1.43270576e+00,0.00000000e+00,1.37249827e-01,1.85294271e-01,3.64820623e+03,1.51471399e+05,1.40246715e+02,5.67822637e-02
3.00000000e+00,1.42924857e+00,0.00000000e+00,1.37249827e-01,1.88751459e-01,3.64838555e+03,1.51521638e+05,1.40326364e+02,5.72588740e-02
3.00000000e+00,1.42573953e+00,0.00000000e+00,1.37249827e-01,1.92260504e-01,3.64862586e+03,1.51575687e+05,1.40410393e+02,5.77440907e-02
3.00000000e+00,1.42217791e+00,0.00000000e+00,1.37249827e-01,1.95822120e-01,3.64909441e+03,1.51663533e+05,1.40544488e+02,5.84873942e-02
3.00000000e+00,1.41856265e+00,0.00000000e+00,1.37249827e-01,1.99437380e-01,3.64929404e+03,1.51695537e+05,1.40592482e+02,5.87412648e-02
3.00000000e+00,1.41489279e+00,0.00000000e+00,1.37249827e-01,2.03107238e-01,3.64973241e+03,1.51761911e+05,1.40691295e+02,5.92538261e-02
3.00000000e+00,1.41116726e+00,0.00000000e+00,1.37249827e-01,2.06832767e-01,3.65025133e+03,1.51833099e+05,1.40795892e+02,5.97761740e-02
3.00000000e+00,1.40738499e+00,0.00000000e+00,1.37249842e-01,2.10615039e-01,3.65086205e+03,1.51909601e+05,1.40906810e+02,6.03087146e-02
3.00000000e+00,1.40354514e+00,0.00000000e+00,1.37249842e-01,2.14454889e-01,3.65157804e+03,1.51992035e+05,1.41024654e+02,6.08518990e-02
3.00000000e+00,1.39964640e+00,0.00000000e+00,1.37249842e-01,2.18353629e-01,3.65241398e+03,1.52081071e+05,1.41150066e+02,6.14062088e-02
3.00000000e+00,1.39568794e+00,0.00000000e+00,1.37249842e-01,2.22312093e-01,3.65338570e+03,1.52177430e+05,1.41283720e+02,6.19721556e-02
3.00000000e+00,1.39166856e+00,0.00000000e+00,1.37249842e-01,2.26331472e-01,3.65450965e+03,1.52281849e+05,1.41426322e+02,6.25502788e-02
3.00000000e+00,1.38758719e+00,0.00000000e+00,1.37249842e-01,2.30412841e-01,3.65649451e+03,1.52454066e+05,1.41657287e+02,6.34398455e-02
3.00000000e+00,1.38344264e+00,0.00000000e+00,1.37249842e-01,2.34557390e-01,3.65728300e+03,1.52517994e+05,1.41741377e+02,6.37453566e-02
3.00000000e+00,1.37923396e+00,0.00000000e+00,1.37249857e-01,2.38766074e-01,3.65896960e+03,1.52651395e+05,1.41915531e+02,6.43635750e-02
3.00000000e+00,1.37495971e+00,0.00000000e+00,1.37249857e-01,2.43040323e-01,3.66088435e+03,1.52796278e+05,1.42102048e+02,6.49965169e-02
3.00000000e+00,1.37061894e+00,0.00000000e+00,1.37249857e-01,2.47381091e-01,3.66305261e+03,1.52953771e+05,1.42302058e+02,6.56449897e-02
3.00000000e+00,1.36621046e+00,0.00000000e+00,1.37249857e-01,2.51789570e-01,3.66550412e+03,1.53125165e+05,1.42516847e+02,6.63099005e-02
3.00000000e+00,1.36173296e+00,0.00000000e+00,1.37249857e-01,2.56267071e-01,3.66827258e+03,1.53311946e+05,1.42747814e+02,6.69922487e-02
3.00000000e+00,1.35718524e+00,0.00000000e+00,1.37249857e-01,2.60814786e-01,3.67139442e+03,1.53515746e+05,1.42996423e+02,6.76931058e-02
3.00000000e+00,1.35256600e+00,0.00000000e+00,1.37249872e-01,2.65434027e-01,3.67490675e+03,1.53738217e+05,1.43264155e+02,6.84135885e-02
3.00000000e+00,1.34787416e+00,0.00000000e+00,1.37249872e-01,2.70125866e-01,3.68092702e+03,1.54107714e+05,1.43702060e+02,6.95308274e-02
3.00000000e+00,1.34310830e+00,0.00000000e+00,1.37249872e-01,2.74891734e-01,3.68324624e+03,1.54245687e+05,1.43863029e+02,6.99180637e-02
3.00000000e+00,1.33826709e+00,0.00000000e+00,1.37249872e-01,2.79732943e-01,3.68814496e+03,1.54533894e+05,1.44197442e+02,7.07045294e-02
3.00000000e+00,1.33334923e+00,0.00000000e+00,1.37249872e-01,2.84650803e-01,3.69358563e+03,1.54847595e+05,1.44557859e+02,7.15157359e-02
3.00000000e+00,1.32835340e+00,0.00000000e+00,1.37249887e-01,2.89646626e-01,3.69962474e+03,1.55189252e+05,1.44946880e+02,7.23534729e-02
3.00000000e+00,1.32327819e+00,0.00000000e+00,1.37249887e-01,2.94721842e-01,3.70633404e+03,1.55562015e+05,1.45367586e+02,7.32198621e-02
3.00000000e+00,1.31812239e+00,0.00000000e+00,1.37249887e-01,2.99877644e-01,3.71379786e+03,1.55969619e+05,1.45823392e+02,7.41173080e-02
3.00000000e+00,1.31288421e+00,0.00000000e+00,1.37249887e-01,3.05115819e-01,3.72210605e+03,1.56416050e+05,1.46317852e+02,7.50483921e-02
3.00000000e+00,1.30756259e+00,0.00000000e+00,1.37249887e-01,3.10437441e-01,3.73134850e+03,1.56905231e+05,1.46854574e+02,7.60158025e-02
3.00000000e+00,1.30215597e+00,0.00000000e+00,1.37249902e-01,3.15844059e-01,3.74702207e+03,1.57721151e+05,1.47740984e+02,7.75359414e-02
3.00000000e+00,1.29666269e+00,0.00000000e+00,1.37249902e-01,3.21337342e-01,3.75302187e+03,1.58027950e+05,1.48071182e+02,7.80716284e-02
3.00000000e+00,1.29108143e+00,0.00000000e+00,1.37249902e-01,3.26918602e-01,3.76569931e+03,1.58672147e+05,1.48761896e+02,7.91675926e-02
3.00000000e+00,1.28541064e+00,0.00000000e+00,1.37249902e-01,3.32589388e-01,3.77982302e+03,1.59384406e+05,1.49518029e+02,8.03156303e-02
3.00000000e+00,1.27964866e+00,0.00000000e+00,1.37249902e-01,3.38351369e-01,3.79559859e+03,1.60172230e+05,1.50346901e+02,8.15213063e-02
3.00000000e+00,1.27379405e+00,0.00000000e+00,1.37249917e-01,3.44205976e-01,3.81324261e+03,1.61041744e+05,1.51255131e+02,8.27903317e-02
3.00000000e+00,1.26784515e+00,0.00000000e+00,1.37249917e-01,3.50154877e-01,3.83295742e+03,1.62003304e+05,1.52251135e+02,8.41289611e-02
3.00000000e+00,1.26180029e+00,0.00000000e+00,1.37249917e-01,3.56199741e-01,3.85494888e+03,1.63066603e+05,1.53343963e+02,8.55439056e-02
3.00000000e+00,1.25565791e+00,0.00000000e+00,1.37249917e-01,3.62342119e-01,3.87946247e+03,1.64242750e+05,1.54544465e+02,8.70430808e-02
3.00000000e+00,1.24941611e+00,0.00000000e+00,1.37249932e-01,3.68583918e-01,3.92124222e+03,1.66231149e+05,1.56559084e+02,8.94576452e-02
3.00000000e+00,1.24307346e+00,0.00000000e+00,1.37249932e-01,3.74926567e-01,3.93738760e+03,1.66993128e+05,1.57324641e+02,9.03349365e-02
3.00000000e+00,1.23662806e+00,0.00000000e+00,1.37249932e-01,3.81371975e-01,3.97162685e+03,1.68604115e+05,1.58937457e+02,9.21523431e-02
3.00000000e+00,1.23007822e+00,0.00000000e+00,1.37249932e-01,3.87921810e-01,4.00999411e+03,1.70399612e+05,1.60723082e+02,9.41026926e-02
3.00000000e+00,1.22342205e+00,0.00000000e+00,1.37249947e-01,3.94577980e-01,4.05297543e+03,1.72401753e+05,1.62701856e+02,9.62015957e-02
3.00000000e+00,1.21665788e+00,0.00000000e+00,1.37249947e-01,4.01342154e-01,4.10111764e+03,1.74635790e+05,1.64897766e+02,9.84670888e-02
3.00000000e+00,1.20978367e+00,0.00000000e+00,1.37249947e-01,4.08216357e-01,4.15509137e+03,1.77132804e+05,1.67340557e+02,1.00921143e-01
3.00000000e+00,1.20279765e+00,0.00000000e+00,1.37249947e-01,4.15202379e-01,4.21573302e+03,1.79931350e+05,1.70066707e+02,1.03590662e-01
3.00000000e+00,1.19569790e+00,0.00000000e+00,1.37249961e-01,4.22302127e-01,4.28404100e+03,1.83077207e+05,1.73119415e+02,1.06507678e-01
3.00000000e+00,1.18848240e+00,0.00000000e+00,1.37249961e-01,4.29517627e-01,4.40213035e+03,1.88505394e+05,1.78367595e+02,1.11388270e-01
3.00000000e+00,1.18114924e+00,0.00000000e+00,1.37249961e-01,4.36850786e-01,4.44860494e+03,1.90638188e+05,1.80424677e+02,1.13245680e-01
3.00000000e+00,1.17369640e+00,0.00000000e+00,1.37249976e-01,4.44303632e-01,4.54811694e+03,1.95202222e+05,1.84828089e+02,1.17174339e-01
3.00000000e+00,1.16612196e+00,0.00000000e+00,1.37249976e-01,4.51878071e-01,4.66223120e+03,2.00430269e+05,1.89885603e+02,1.21580643e-01
3.00000000e+00,1.15842354e+00,0.00000000e+00,1.37249976e-01,4.59576488e-01,4.79513302e+03,2.06509577e+05,1.95809506e+02,1.26602433e-01
3.00000000e+00,1.15059936e+00,0.00000000e+00,1.37249976e-01,4.67400670e-01,4.95462996e+03,2.13762863e+05,2.02978014e+02,1.32485088e-01
3.00000000e+00,1.14264703e+00,0.00000000e+00,1.37249991e-01,4.75353003e-01,5.15554122e+03,2.22753671e+05,2.12151850e+02,1.39703814e-01
3.00000000e+00,1.13456452e+00,0.00000000e+00,1.37249991e-01,4.83435512e-01,5.43525724e+03,2.35495961e+05,2.26225139e+02,1.49762647e-01
3.00000000e+00,1.12634969e+00,0.00000000e+00,1.37249991e-01,4.91650343e-01,5.87160530e+03,2.60473108e+05,2.57495034e+02,1.67798098e-01
3.00000000e+00,1.11800003e+00,0.00000000e+00,1.37250006e-01,5.00000000e-01,6.14147302e+03,2.77727844e+05,2.79909552e+02,1.79797431e-01
4.00000000e+00,1.11800003e+00,0.00000000e+00,1.37250006e-01,0.00000000e+00,1.07585021e+04,4.48990363e+05,3.94647254e+02,2.83978204e-01
4.00000000e+00,1.11113882e+00,0.00000000e+00,1.36407703e-01,6.91271837e-03,1.07836006e+04,4.45887760e+05,3.90638254e+02,2.82895529e-01
4.00000000e+00,1.10427761e+00,0.00000000e+00,1.35565385e-01,1.38254386e-02,1.08101914e+04,4.42833608e+05,3.86596354e+02,2.81817738e-01
4.00000000e+00,1.09741640e+00,0.00000000e+00,1.34723082e-01,2.07381569e-02,1.08119694e+04,4.43127871e+05,3.86770054e+02,2.81896411e-01
4.00000000e+00,1.09055519e+00,0.00000000e+00,1.33880779e-01,2.76508753e-02,1.08123356e+04,4.43600570e+05,3.87175418e+02,2.82038675e-01
4.00000000e+00,1.08369398e+00,0.00000000e+00,1.33038476e-01,3.45635937e-02,1.08125603e+04,4.44052934e+05,3.87569581e+02,2.82175205e-01
4.00000000e+00,1.07683289e+00,0.00000000e+00,1.32196173e-01,4.14761937e-02,1.08128458e+04,4.44505611e+05,3.87961805e+02,2.82311739e-01
4.00000000e+00,1.06997168e+00,0.00000000e+00,1.31353870e-01,4.83889121e-02,1.08131239e+04,4.44961307e+05,3.88356617e+02,2.82448998e-01
4.00000000e+00,1.06311047e+00,0.00000000e+00,1.30511567e-01,5.53016305e-02,1.08133914e+04,4.45419993e+05,3.88754017e+02,2.82586941e-01
4.00000000e+00,1.05624926e+00,0.00000000e+00,1.29669264e-01,6.22143488e-02,1.08136521e+04,4.45882040e+05,3.89154347e+02,2.82725735e-01
4.00000000e+00,1.04938805e+00,0.00000000e+00,1.28826961e-01,6.91270672e-02,1.08139101e+04,4.46347398e+05,3.89557579e+02,2.82865419e-01
4.00000000e+00,1.04252684e+00,0.00000000e+00,1.27984658e-01,7.60397856e-02,1.08141719e+04,4.46816400e+05,3.89963955e+02,2.83006164e-01
4.00000000e+00,1.03566563e+00,0.00000000e+00,1.27142355e-01,8.29525039e-02,1.08143052e+04,4.47051895e+05,3.90168013e+02,2.83076849e-01
4.00000000e+00,1.02880454e+00,0.00000000e+00,1.26300052e-01,8.98651040e-02,1.08147323e+04,4.47766322e+05,3.90786833e+02,2.83291396e-01
4.00000000e+00,1.02194333e+00,0.00000000e+00,1.25457749e-01,9.67778224e-02,1.08150393e+04,4.48247689e+05,3.91203553e+02,2.83436061e-01
4.00000000e+00,1.01508212e+00,0.00000000e+00,1.24615431e-01,1.03690543e-01,1.08153586e+04,4.48733210e+05,3.91623682e+02,2.83581980e-01
4.00000000e+00,1.00822091e+00,0.00000000e+00,1.23773128e-01,1.10603261e-01,1.08156864e+04,4.49222933e+05,3.92047285e+02,2.83729124e-01
4.00000000e+00,1.00135970e+00,0.00000000e+00,1.22930825e-01,1.17515979e-01,1.08160190e+04,4.49716838e+05,3.92474373e+02,2.83877443e-01
4.00000000e+00,9.94498551e-01,0.00000000e+00,1.22088522e-01,1.24428639e-01,1.08163561e+04,4.50215076e+05,3.92905107e+02,2.84026993e-01
4.00000000e+00,9.87637341e-01,0.00000000e+00,1.21246219e-01,1.31341357e-01,1.08167023e+04,4.50717856e+05,3.93339659e+02,2.84177888e-01
4.00000000e+00,9.80776131e-01,0.00000000e+00,1.20403916e-01,1.38254075e-01,1.08170628e+04,4.51225373e+05,3.93778137e+02,2.84330231e-01
4.00000000e+00,9.73914921e-01,0.00000000e+00,1.19561613e-01,1.45166794e-01,1.08174388e+04,4.51737668e+05,3.94220516e+02,2.84484026e-01
4.00000000e+00,9.67053771e-01,0.00000000e+00,1.18719302e-01,1.52079454e-01,1.08178274e+04,4.52254647e+05,3.94666692e+02,2.84639197e-01
4.00000000e+00,9.60192561e-01,0.00000000e+00,1.17877007e-01,1.58992171e-01,1.08182224e+04,4.52776074e+05,3.95116478e+02,2.84795596e-01
4.00000000e+00,9.53331351e-01,0.00000000e+00,1.17034703e-01,1.65904890e-01,1.08184206e+04,4.53037864e+05,3.95342244e+02,2.84874080e-01
4.00000000e+00,9.46470201e-01,0.00000000e+00,1.16192400e-01,1.72817549e-01,1.08190016e+04,4.53830937e+05,3.96025802e+02,2.85111306e-01
4.00000000e+00,9.39608991e-01,0.00000000e+00,1.15350097e-01,1.79730267e-01,1.08193711e+04,4.54363704e+05,3.96484808e+02,2.85270236e-01
4.00000000e+00,9.32747781e-01,0.00000000e+00,1.14507794e-01,1.86642986e-01,1.08197202e+04,4.54899816e+05,3.96946594e+02,2.85429747e-01
4.00000000e+00,9.25886571e-01,0.00000000e+00,1.13665491e-01,1.93555704e-01,1.08200504e+04,4.55439416e+05,3.97411329e+02,2.85589920e-01
4.00000000e+00,9.19025421e-01,0.00000000e+00,1.12823188e-01,2.00468363e-01,1.08203673e+04,4.55982753e+05,3.97879227e+02,2.85750895e-01
4.00000000e+00,9.12164211e-01,0.00000000e+00,1.11980878e-01,2.07381082e-01,1.08206765e+04,4.56530164e+05,3.98350557e+02,2.85912838e-01
4.00000000e+00,9.05303001e-01,0.00000000e+00,1.11138575e-01,2.14293801e-01,1.08209850e+04,4.57082071e+05,3.98825681e+02,2.86075965e-01
4.00000000e+00,8.98441792e-01,0.00000000e+00,1.10296272e-01,2.21206519e-01,1.08213025e+04,4.57638945e+05,3.99304921e+02,2.86240509e-01
4.00000000e+00,8.91580641e-01,0.00000000e+00,1.09453969e-01,2.28119178e-01,1.08216343e+04,4.58201094e+05,3.99788445e+02,2.86406593e-01
4.00000000e+00,8.84719431e-01,0.00000000e+00,1.08611666e-01,2.35031897e-01,1.08219808e+04,4.58768681e+05,4.00276359e+02,2.86574257e-01
4.00000000e+00,8.77858222e-01,0.00000000e+00,1.07769363e-01,2.41944615e-01,1.08223404e+04,4.59341794e+05,4.00768728e+02,2.86743498e-01
4.00000000e+00,8.70997071e-01,0.00000000e+00,1.06927060e-01,2.48857274e-01,1.08225229e+04,4.59629726e+05,4.01016026e+02,2.86828505e-01
4.00000000e+00,8.64135861e-01,0.00000000e+00,1.06084757e-01,2.55769993e-01,1.08230881e+04,4.60504299e+05,4.01766682e+02,2.87086511e-01
4.00000000e+00,8.57274652e-01,0.00000000e+00,1.05242446e-01,2.62682712e-01,1.08234756e+04,4.61093582e+05,4.02272144e+02,2.87260226e-01
4.00000000e+00,8.50413442e-01,0.00000000e+00,1.04400143e-01,2.69595430e-01,1.08238659e+04,4.61687960e+05,4.02781689e+02,2.87435244e-01
4.00000000e+00,8.43552291e-01,0.00000000e+00,1.03557840e-01,2.76508090e-01,1.08242532e+04,4.62287279e+05,4.03295186e+02,2.87611441e-01
4.00000000e+00,8.36691082e-01,0.00000000e+00,1.02715537e-01,2.83420808e-01,1.08246368e+04,4.62891587e+05,4.03812764e+02,2.87788851e-01
4.00000000e+00,8.29829872e-01,0.00000000e+00,1.01873234e-01,2.90333526e-01,1.08250287e+04,4.63501290e+05,4.04334839e+02,2.87967772e-01
4.00000000e+00,8.22968721e-01,0.00000000e+00,1.01030931e-01,2.97246185e-01,1.08254502e+04,4.64117010e+05,4.04861765e+02,2.88148601e-01
4.00000000e+00,8.16107512e-01,0.00000000e+00,1.00188628e-01,3.04158904e-01,1.08259125e+04,4.64738994e+05,4.05393414e+02,2.88331438e-01
4.00000000e+00,8.09246302e-01,0.00000000e+00,9.93463248e-02,3.11071622e-01,1.08263982e+04,4.65366304e+05,4.05928877e+02,2.88515739e-01
4.00000000e+00,8.02385092e-01,0.00000000e+00,9.85040143e-02,3.17984342e-01,1.08268737e+04,4.65997623e+05,4.06467184e+02,2.88700726e-01
4.00000000e+00,7.95523942e-01,0.00000000e+00,9.76617113e-02,3.24897001e-01,1.08273077e+04,4.66632201e+05,4.07007887e+02,2.88885829e-01
4.00000000e+00,7.88662732e-01,0.00000000e+00,9.68194082e-02,3.31809719e-01,1.08278474e+04,4.67589667e+05,4.07823433e+02,2.89163277e-01
4.00000000e+00,7.81801522e-01,0.00000000e+00,9.59771052e-02,3.38722437e-01,1.08279828e+04,4.67911357e+05,4.08097454e+02,2.89255808e-01
4.00000000e+00,7.74940372e-01,0.00000000e+00,9.51348022e-02,3.45635097e-01,1.08282305e+04,4.68557530e+05,4.08647888e+02,2.89441299e-01
4.00000000e+00,7.68079162e-01,0.00000000e+00,9.42924991e-02,3.52547815e-01,1.08284458e+04,4.69209935e+05,4.09203714e+02,2.89628034e-01
4.00000000e+00,7.61217952e-01,0.00000000e+00,9.34501961e-02,3.59460533e-01,1.08286649e+04,4.69869682e+05,4.09766334e+02,2.89816978e-01
4.00000000e+00,7.54356742e-01,0.00000000e+00,9.26078930e-02,3.66373252e-01,1.08289570e+04,4.70539068e+05,4.10337528e+02,2.90009646e-01
4.00000000e+00,7.47495592e-01,0.00000000e+00,9.17655826e-02,3.73285912e-01,1.08293961e+04,4.71220897e+05,4.10918504e+02,2.90207414e-01
4.00000000e+00,7.40634382e-01,0.00000000e+00,9.09232795e-02,3.80198630e-01,1.08299980e+04,4.71915599e+05,4.11508381e+02,2.90410175e-01
4.00000000e+00,7.33773172e-01,0.00000000e+00,9.00809765e-02,3.87111349e-01,1.08306850e+04,4.72618588e+05,4.12103347e+02,2.90615602e-01
4.00000000e+00,7.26911962e-01,0.00000000e+00,8.92386734e-02,3.94024067e-01,1.08313434e+04,4.73324520e+05,4.12699686e+02,2.90820929e-01
4.00000000e+00,7.20050812e-01,0.00000000e+00,8.83963704e-02,4.00936726e-01,1.08318797e+04,4.74030639e+05,4.13295539e+02,2.91024285e-01
4.00000000e+00,7.13189602e-01,0.00000000e+00,8.75540674e-02,4.07849445e-01,1.08322190e+04,4.74735298e+05,4.13890067e+02,2.91224386e-01
4.00000000e+00,7.06328392e-01,0.00000000e+00,8.67117643e-02,4.14762163e-01,1.08323320e+04,4.75087218e+05,4.14187003e+02,2.91323525e-01
4.00000000e+00,6.99467242e-01,0.00000000e+00,8.58694613e-02,4.21674822e-01,1.08322717e+04,4.76145419e+05,4.15079784e+02,2.91615898e-01
4.00000000e+00,6.92606032e-01,0.00000000e+00,8.50271508e-02,4.28587541e-01,1.08319947e+04,4.76851972e+05,4.15678173e+02,2.91808534e-01
4.00000000e+00,6.85744822e-01,0.00000000e+00,8.41848478e-02,4.35500260e-01,1.08316830e+04,4.77567162e+05,4.16284962e+02,2.92003356e-01
4.00000000e+00,6.78883612e-01,0.00000000e+00,8.33425447e-02,4.42412978e-01,1.08314956e+04,4.78295536e+05,4.16905214e+02,2.92204210e-01
4.00000000e+00,6.72022462e-01,0.00000000e+00,8.25002417e-02,4.49325637e-01,1.08316152e+04,4.79044052e+05,4.17543567e+02,2.92415083e-01
4.00000000e+00,6.65161252e-01,0.00000000e+00,8.16579387e-02,4.56238356e-01,1.08322220e+04,4.79819933e+05,4.18203121e+02,2.92639386e-01
4.00000000e+00,6.58300042e-01,0.00000000e+00,8.08156356e-02,4.63151074e-01,1.08334047e+04,4.80626728e+05,4.18886403e+02,2.92879151e-01
4.00000000e+00,6.51438892e-01,0.00000000e+00,7.99733326e-02,4.70063733e-01,1.08352270e+04,4.81470699e+05,4.19595935e+02,2.93136025e-01
4.00000000e+00,6.44577682e-01,0.00000000e+00,7.91310295e-02,4.76976452e-01,1.08374770e+04,4.82341408e+05,4.20321653e+02,2.93403771e-01
4.00000000e+00,6.37716472e-01,0.00000000e+00,7.82887191e-02,4.83889171e-01,1.08397410e+04,4.83218440e+05,4.21049266e+02,2.93672081e-01
4.00000000e+00,6.30855262e-01,0.00000000e+00,7.74464160e-02,4.90801889e-01,1.08417297e+04,4.84091467e+05,4.21772241e+02,2.93934899e-01
4.00000000e+00,6.23994112e-01,0.00000000e+00,7.66041130e-02,4.97714549e-01,1.08426306e+04,4.84526140e+05,4.22132023e+02,2.94064423e-01
4.00000000e+00,6.17132902e-01,0.00000000e+00,7.57618099e-02,5.04627267e-01,1.08442744e+04,4.85805607e+05,4.23192355e+02,2.94431941e-01
4.00000000e+00,6.10271692e-01,0.00000000e+00,7.49195069e-02,5.11539985e-01,1.08448358e+04,4.86649678e+05,4.23893115e+02,2.94667445e-01
4.00000000e+00,6.03410542e-01,0.00000000e+00,7.40772039e-02,5.18452645e-01,1.08451171e+04,4.87493598e+05,4.24594569e+02,2.94899169e-01
4.00000000e+00,5.96549332e-01,0.00000000e+00,7.32349008e-02,5.25365363e-01,1.08452617e+04,4.88343389e+05,4.25301706e+02,2.95130703e-01
4.00000000e+00,5.89688122e-01,0.00000000e+00,7.23925978e-02,5.32278081e-01,1.08454108e+04,4.89204556e+05,4.26019492e+02,2.95365608e-01
4.00000000e+00,5.82826912e-01,0.00000000e+00,7.15502873e-02,5.39190801e-01,1.08457035e+04,4.90083443e+05,4.26751485e+02,2.95606909e-01
4.00000000e+00,5.75965762e-01,0.00000000e+00,7.07079843e-02,5.46103460e-01,1.08461767e+04,4.90982744e+05,4.27498306e+02,2.95855281e-01
4.00000000e+00,5.69104552e-01,0.00000000e+00,6.98656812e-02,5.53016178e-01,1.08467527e+04,4.91898784e+05,4.28257335e+02,2.96108801e-01
4.00000000e+00,5.62243342e-01,0.00000000e+00,6.90233782e-02,5.59928897e-01,1.08473669e+04,4.92829048e+05,4.29027013e+02,2.96366075e-01
4.00000000e+00,5.55382192e-01,0.00000000e+00,6.81810752e-02,5.66841556e-01,1.08480128e+04,4.93772561e+05,4.29807362e+02,2.96627025e-01
4.00000000e+00,5.48520982e-01,0.00000000e+00,6.73387721e-02,5.73754274e-01,1.08487761e+04,4.94733112e+05,4.30601107e+02,2.96893701e-01
4.00000000e+00,5.41659772e-01,0.00000000e+00,6.64964691e-02,5.80666992e-01,1.08492071e+04,4.95218894e+05,4.31002138e+02,2.97029005e-01
4.00000000e+00,5.34798563e-01,0.00000000e+00,6.56541660e-02,5.87579711e-01,1.08508065e+04,4.96711667e+05,4.32227774e+02,2.97445841e-01
4.00000000e+00,5.27937412e-01,0.00000000e+00,6.48118556e-02,5.94492371e-01,1.08518517e+04,4.97718564e+05,4.33052234e+02,2.97725493e-01
4.00000000e+00,5.21076202e-01,0.00000000e+00,6.39695525e-02,6.01405089e-01,1.08527820e+04,4.98732884e+05,4.33880850e+02,2.98004613e-01
4.00000000e+00,5.14214993e-01,0.00000000e+00,6.31272495e-02,6.08317808e-01,1.08535397e+04,4.99753229e+05,4.34712932e+02,2.98282184e-01
4.00000000e+00,5.07353783e-01,0.00000000e+00,6.22849464e-02,6.15230526e-01,1.08541285e+04,5.00781201e+05,4.35549999e+02,2.98558746e-01
4.00000000e+00,5.00492632e-01,0.00000000e+00,6.14426434e-02,6.22143185e-01,1.08546095e+04,5.01820213e+05,4.36395148e+02,2.98836141e-01
4.00000000e+00,4.93631423e-01,0.00000000e+00,6.06003404e-02,6.29055904e-01,1.08550938e+04,5.02873223e+05,4.37252189e+02,2.99117149e-01
4.00000000e+00,4.86770242e-01,0.00000000e+00,5.97580336e-02,6.35968593e-01,1.08557774e+04,5.03948422e+05,4.38126463e+02,2.99406171e-01
4.00000000e+00,4.79909033e-01,0.00000000e+00,5.89157306e-02,6.42881311e-01,1.08567178e+04,5.05041065e+05,4.39011717e+02,2.99701925e-01
4.00000000e+00,4.73047853e-01,0.00000000e+00,5.80734275e-02,6.49794000e-01,1.08578197e+04,5.06113552e+05,4.39874300e+02,2.99992151e-01
4.00000000e+00,4.66186643e-01,0.00000000e+00,5.72311245e-02,6.56706718e-01,1.08590050e+04,5.07023682e+05,4.40586088e+02,3.00234175e-01
4.00000000e+00,4.59325463e-01,0.00000000e+00,5.63888177e-02,6.63619408e-01,1.08596062e+04,5.07409116e+05,4.40878343e+02,3.00334550e-01
5.00000000e+00,4.59325463e-01,0.00000000e+00,5.63888177e-02,0.00000000e+00,1.08956171e+04,5.11191992e+05,4.44087467e+02,3.00069337e-01
5.00000000e+00,4.52219486e-01,0.00000000e+00,5.55164665e-02,7.15932235e-03,1.08950042e+04,5.11568629e+05,4.44374945e+02,2.98321793e-01
5.00000000e+00,4.44750726e-01,0.00000000e+00,5.45995757e-02,1.46841522e-02,1.08952943e+04,5.12584987e+05,4.45153550e+02,2.94848701e-01
5.00000000e+00,4.36918706e-01,0.00000000e+00,5.36380857e-02,2.25749702e-02,1.08965699e+04,5.13937289e+05,4.46203645e+02,2.91347627e-01
5.00000000e+00,4.28725481e-01,0.00000000e+00,5.26322611e-02,3.08297030e-02,1.08972825e+04,5.15411412e+05,4.47364532e+02,2.87745081e-01
5.00000000e+00,4.20176059e-01,0.00000000e+00,5.15827015e-02,3.94433081e-02,1.08980946e+04,5.16983378e+05,4.48602108e+02,2.84038732e-01
5.00000000e+00,4.11278367e-01,0.00000000e+00,5.04903905e-02,4.84077972e-02,1.08992099e+04,5.18662814e+05,4.49916026e+02,2.80231254e-01
5.00000000e+00,4.02043581e-01,0.00000000e+00,4.93566953e-02,5.77119113e-02,1.09006412e+04,5.20459379e+05,4.51311998e+02,2.76325563e-01
5.00000000e+00,3.92486155e-01,0.00000000e+00,4.81833927e-02,6.73410873e-02,1.09022300e+04,5.22365450e+05,4.52781459e+02,2.72319306e-01
5.00000000e+00,3.82623851e-01,0.00000000e+00,4.69726622e-02,7.72774298e-02,1.09037468e+04,5.24370855e+05,4.54313249e+02,2.68210185e-01
5.00000000e+00,3.72477829e-01,0.00000000e+00,4.57271002e-02,8.74996206e-02,1.09050059e+04,5.26466554e+05,4.55897384e+02,2.63998840e-01
5.00000000e+00,3.62072468e-01,0.00000000e+00,4.44497056e-02,9.79830975e-02,1.09057978e+04,5.28645400e+05,4.57523531e+02,2.59687880e-01
5.00000000e+00,3.51435304e-01,0.00000000e+00,4.31438461e-02,1.08700118e-01,1.09060470e+04,5.29755441e+05,4.58345590e+02,2.57507862e-01
5.00000000e+00,3.40596676e-01,0.00000000e+00,4.18132581e-02,1.19620114e-01,1.09058481e+04,5.33263308e+05,4.60891482e+02,2.50807329e-01
5.00000000e+00,3.29589576e-01,0.00000000e+00,4.04619910e-02,1.30709847e-01,1.09056382e+04,5.35719786e+05,4.62644612e+02,2.46275856e-01
5.00000000e+00,3.18449229e-01,0.00000000e+00,3.90943624e-02,1.41933827e-01,1.09056114e+04,5.38272448e+05,4.64424269e+02,2.41706304e-01
5.00000000e+00,3.07212591e-01,0.00000000e+00,3.77149135e-02,1.53254822e-01,1.09050864e+04,5.40875521e+05,4.66185212e+02,2.37102117e-01
5.00000000e+00,2.95917958e-01,0.00000000e+00,3.63283455e-02,1.64634246e-01,1.09036036e+04,5.43484313e+05,4.67888935e+02,2.32475040e-01
5.00000000e+00,2.84604460e-01,0.00000000e+00,3.49394605e-02,1.76032678e-01,1.09014977e+04,5.46100361e+05,4.69514610e+02,2.27852803e-01
5.00000000e+00,2.73311466e-01,0.00000000e+00,3.35530937e-02,1.87410451e-01,1.08978781e+04,5.48665490e+05,4.70998814e+02,2.23242968e-01
5.00000000e+00,2.62078047e-01,0.00000000e+00,3.21740434e-02,1.98728202e-01,1.08914222e+04,5.51079970e+05,4.72254804e+02,2.18649833e-01
5.00000000e+00,2.50942498e-01,0.00000000e+00,3.08069997e-02,2.09947349e-01,1.08822240e+04,5.53311184e+05,4.73234142e+02,2.14111098e-01
5.00000000e+00,2.39941671e-01,0.00000000e+00,2.94565018e-02,2.21030761e-01,1.08699035e+04,5.55327024e+05,4.73885388e+02,2.09663022e-01
5.00000000e+00,2.29110733e-01,0.00000000e+00,2.81268563e-02,2.31943011e-01,1.08534999e+04,5.57069453e+05,4.74143692e+02,2.05329687e-01
5.00000000e+00,2.18482539e-01,0.00000000e+00,2.68221032e-02,2.42650993e-01,1.08442088e+04,5.57866149e+05,4.74167580e+02,2.03195164e-01
5.00000000e+00,2.08087370e-01,0.00000000e+00,2.55459566e-02,2.53124201e-01,1.08076761e+04,5.59279010e+05,4.73029021e+02,1.97074087e-01
5.00000000e+00,1.97952598e-01,0.00000000e+00,2.43017767e-02,2.63335057e-01,1.07769826e+04,5.59422921e+05,4.71367488e+02,1.93153075e-01
5.00000000e+00,1.88102499e-01,0.00000000e+00,2.30925437e-02,2.73259104e-01,1.07397842e+04,5.58873634e+05,4.68904548e+02,1.89380243e-01
5.00000000e+00,1.78558066e-01,0.00000000e+00,2.19208356e-02,2.82875189e-01,1.06959672e+04,5.57595243e+05,4.65587431e+02,1.85758511e-01
5.00000000e+00,1.69336930e-01,0.00000000e+00,2.07888186e-02,2.92165551e-01,1.06457492e+04,5.55435842e+05,4.61282299e+02,1.82267346e-01
5.00000000e+00,1.60453424e-01,0.00000000e+00,1.96982473e-02,3.01115748e-01,1.05882227e+04,5.52194049e+05,4.55821820e+02,1.78859908e-01
5.00000000e+00,1.51918575e-01,0.00000000e+00,1.86504796e-02,3.09714670e-01,1.05213962e+04,5.47604986e+05,4.48998753e+02,1.75462869e-01
5.00000000e+00,1.43740192e-01,0.00000000e+00,1.76464729e-02,3.17954450e-01,1.04443292e+04,5.41489875e+05,4.40700161e+02,1.72020368e-01
5.00000000e+00,1.35923132e-01,0.00000000e+00,1.66868232e-02,3.25830194e-01,1.03577873e+04,5.33834604e+05,4.30973594e+02,1.68512087e-01
5.00000000e+00,1.28469378e-01,0.00000000e+00,1.57717746e-02,3.33339906e-01,1.02626330e+04,5.24631795e+05,4.19914139e+02,1.64919441e-01
5.00000000e+00,1.21378347e-01,0.00000000e+00,1.49012553e-02,3.40484171e-01,1.01591642e+04,5.13955887e+05,4.07723731e+02,1.61225981e-01
5.00000000e+00,1.14647120e-01,0.00000000e+00,1.40749058e-02,3.47265931e-01,1.01053939e+04,5.08276131e+05,4.01385478e+02,1.59353542e-01
5.00000000e+00,1.08270667e-01,0.00000000e+00,1.32921105e-02,3.53690253e-01,9.92989215e+03,4.88998778e+05,3.81033658e+02,1.53486379e-01
5.00000000e+00,1.02242149e-01,0.00000000e+00,1.25520285e-02,3.59764029e-01,9.80667257e+03,4.75393777e+05,3.67288442e+02,1.49491895e-01
5.00000000e+00,9.65531468e-02,0.00000000e+00,1.18536269e-02,3.65495740e-01,9.68116331e+03,4.61817749e+05,3.54022034e+02,1.45532906e-01
5.00000000e+00,9.11939517e-02,0.00000000e+00,1.11957137e-02,3.70895168e-01,9.55676669e+03,4.48834424e+05,3.41722006e+02,1.41705171e-01
5.00000000e+00,8.61537680e-02,0.00000000e+00,1.05769625e-02,3.75973190e-01,9.43697683e+03,4.36948835e+05,3.30786577e+02,1.38100051e-01
5.00000000e+00,8.14209655e-02,0.00000000e+00,9.99594666e-03,3.80741523e-01,9.32382683e+03,4.26505024e+05,3.21443465e+02,1.34777768e-01
5.00000000e+00,7.69832730e-02,0.00000000e+00,9.45116021e-03,3.85212530e-01,9.21684210e+03,4.17543042e+05,3.13699466e+02,1.31751091e-01
5.00000000e+00,7.28279725e-02,0.00000000e+00,8.94104131e-03,3.89399026e-01,9.11694771e+03,4.10077746e+05,3.07521443e+02,1.29050016e-01
5.00000000e+00,6.89420775e-02,0.00000000e+00,8.46399553e-03,3.93314093e-01,9.02621389e+03,4.04042973e+05,3.02808505e+02,1.26709876e-01
5.00000000e+00,6.53124675e-02,0.00000000e+00,8.01841170e-03,3.96970952e-01,8.94580333e+03,3.99239630e+05,2.99380842e+02,1.24735834e-01
5.00000000e+00,6.19260333e-02,0.00000000e+00,7.60268141e-03,4.00382809e-01,8.87736693e+03,3.95627672e+05,2.97148527e+02,1.23084180e-01
5.00000000e+00,5.87697774e-02,0.00000000e+00,7.21520837e-03,4.03562759e-01,8.84640674e+03,3.94131946e+05,2.96329285e+02,1.22328386e-01
5.00000000e+00,5.58309145e-02,0.00000000e+00,6.85442332e-03,4.06523685e-01,8.78608764e+03,3.92342205e+05,2.96023911e+02,1.20371537e-01
5.00000000e+00,5.30969501e-02,0.00000000e+00,6.51879236e-03,4.09278174e-01,8.76732352e+03,3.92177354e+05,2.96937358e+02,1.19203739e-01
5.00000000e+00,5.05557396e-02,0.00000000e+00,6.20682444e-03,4.11838462e-01,8.76869895e+03,3.92664448e+05,2.98824132e+02,1.18155446e-01
5.00000000e+00,4.81955446e-02,0.00000000e+00,5.91707882e-03,4.14216376e-01,8.79771304e+03,3.94663628e+05,3.01865938e+02,1.17306810e-01
5.00000000e+00,4.60050628e-02,0.00000000e+00,5.64816780e-03,4.16423302e-01,8.85320580e+03,3.97696640e+05,3.05665803e+02,1.16588794e-01
5.00000000e+00,4.39734645e-02,0.00000000e+00,5.39876195e-03,4.18470152e-01,8.92629191e+03,4.01148671e+05,3.09963965e+02,1.15934927e-01
5.00000000e+00,4.20904085e-02,0.00000000e+00,5.16759092e-03,4.20367345e-01,9.01670627e+03,4.05368054e+05,3.14959335e+02,1.15447957e-01
5.00000000e+00,4.03460413e-02,0.00000000e+00,4.95344633e-03,4.22124807e-01,9.12850019e+03,4.10159972e+05,3.20573913e+02,1.15218916e-01
5.00000000e+00,3.87310162e-02,0.00000000e+00,4.75518079e-03,4.23751957e-01,9.26926345e+03,4.16093404e+05,3.27157727e+02,1.15363609e-01
5.00000000e+00,3.72364931e-02,0.00000000e+00,4.57170745e-03,4.25257700e-01,9.43854556e+03,4.23305348e+05,3.34724787e+02,1.15756137e-01
5.00000000e+00,3.58541161e-02,0.00000000e+00,4.40200185e-03,4.26650455e-01,9.63303513e+03,4.31428843e+05,3.42970088e+02,1.16181179e-01
5.00000000e+00,3.45760100e-02,0.00000000e+00,4.24509728e-03,4.27938156e-01,9.73716212e+03,4.35734037e+05,3.47280898e+02,1.16396537e-01
5.00000000e+00,3.33947837e-02,0.00000000e+00,4.10008570e-03,4.29128250e-01,1.00942925e+04,4.50189605e+05,3.61419218e+02,1.16899543e-01
5.00000000e+00,3.23034823e-02,0.00000000e+00,3.96611402e-03,4.30227744e-01,1.03570762e+04,4.60813071e+05,3.71717478e+02,1.17167169e-01
5.00000000e+00,3.12956050e-02,0.00000000e+00,3.84238339e-03,4.31243187e-01,1.06439622e+04,4.72523119e+05,3.82943450e+02,1.17449760e-01
5.00000000e+00,3.03650629e-02,0.00000000e+00,3.72814690e-03,4.32180715e-01,1.09582689e+04,4.85431245e+05,3.95063003e+02,1.17824455e-01
5.00000000e+00,2.95061674e-02,0.00000000e+00,3.62270582e-03,4.33046059e-01,1.12990288e+04,4.99344599e+05,4.07815547e+02,1.18345803e-01
5.00000000e+00,2.87136119e-02,0.00000000e+00,3.52540892e-03,4.33844564e-01,1.16629856e+04,5.14172411e+05,4.21068035e+02,1.19070033e-01
5.00000000e+00,2.79824510e-02,0.00000000e+00,3.43564921e-03,4.34581214e-01,1.20433110e+04,5.29927534e+05,4.34800503e+02,1.19917814e-01
5.00000000e+00,2.73080822e-02,0.00000000e+00,3.35286139e-03,4.35260646e-01,1.24350153e+04,5.46340896e+05,4.49084035e+02,1.20699385e-01
5.00000000e+00,2.66862232e-02,0.00000000e+00,3.27651971e-03,4.35887173e-01,1.28396577e+04,5.63482528e+05,4.64076878e+02,1.21326632e-01
5.00000000e+00,2.61128936e-02,0.00000000e+00,3.20613594e-03,4.36464807e-01,1.32599900e+04,5.81584043e+05,4.79762968e+02,1.21788897e-01
5.00000000e+00,2.55844016e-02,0.00000000e+00,3.14125628e-03,4.36997266e-01,1.36948228e+04,6.00451210e+05,4.95904751e+02,1.22061042e-01
5.00000000e+00,2.50973199e-02,0.00000000e+00,3.08146048e-03,4.37488005e-01,1.39153891e+04,6.10062054e+05,5.04058658e+02,1.22146786e-01
5.00000000e+00,2.46484708e-02,0.00000000e+00,3.02635808e-03,4.37940223e-01,1.45831000e+04,6.39428025e+05,5.28839190e+02,1.22084917e-01
5.00000000e+00,2.42349096e-02,0.00000000e+00,2.97558773e-03,4.38356889e-01,1.50261279e+04,6.59315287e+05,5.45499132e+02,1.22012130e-01
5.00000000e+00,2.38539111e-02,0.00000000e+00,2.92881508e-03,4.38740748e-01,1.54654696e+04,6.79325071e+05,5.62318272e+02,1.22006066e-01
5.00000000e+00,2.35029534e-02,0.00000000e+00,2.88573024e-03,4.39094341e-01,1.58971354e+04,6.99532532e+05,5.79493198e+02,1.21995837e-01
5.00000000e+00,2.31797025e-02,0.00000000e+00,2.84604682e-03,4.39420018e-01,1.63188461e+04,7.19905636e+05,5.97125400e+02,1.21836156e-01
5.00000000e+00,2.28819996e-02,0.00000000e+00,2.80949986e-03,4.39719956e-01,1.67315563e+04,7.40469542e+05,6.15218713e+02,1.21474112e-01
5.00000000e+00,2.26078518e-02,0.00000000e+00,2.77584465e-03,4.39996162e-01,1.71328722e+04,7.61070194e+05,6.33576758e+02,1.20901907e-01
5.00000000e+00,2.23554168e-02,0.00000000e+00,2.74485489e-03,4.40250492e-01,1.75213419e+04,7.81533784e+05,6.52041252e+02,1.20156102e-01
5.00000000e+00,2.21229922e-02,0.00000000e+00,2.71632173e-03,4.40484661e-01,1.78956614e+04,8.01751044e+05,6.70645879e+02,1.19337913e-01
5.00000000e+00,2.19090097e-02,0.00000000e+00,2.69005215e-03,4.40700250e-01,1.82528957e+04,8.21533587e+05,6.89476940e+02,1.18563020e-01
5.00000000e+00,2.17120145e-02,0.00000000e+00,2.66586849e-03,4.40898724e-01,1.85935351e+04,8.41235130e+05,7.08843527e+02,1.17874663e-01
5.00000000e+00,2.15306729e-02,0.00000000e+00,2.64360639e-03,4.41081427e-01,1.87600382e+04,8.51168979e+05,7.18725771e+02,1.17548766e-01
5.00000000e+00,2.13637482e-02,0.00000000e+00,2.62311404e-03,4.41249605e-01,1.92176345e+04,8.80605658e+05,7.50197338e+02,1.16417454e-01
5.00000000e+00,2.12101042e-02,0.00000000e+00,2.60425219e-03,4.41404403e-01,1.95045831e+04,9.00273091e+05,7.72417708e+02,1.15609598e-01
5.00000000e+00,2.10686885e-02,0.00000000e+00,2.58689141e-03,4.41546880e-01,1.97790180e+04,9.20050745e+05,7.95860120e+02,1.14840089e-01
5.00000000e+00,2.09385343e-02,0.00000000e+00,2.57091341e-03,4.41678011e-01,2.00435622e+04,9.40019773e+05,8.20819085e+02,1.14220483e-01
5.00000000e+00,2.08187513e-02,0.00000000e+00,2.55620829e-03,4.41798694e-01,2.03002167e+04,9.60625502e+05,8.47996584e+02,1.13802511e-01
5.00000000e+00,2.07085144e-02,0.00000000e+00,2.54267547e-03,4.41909758e-01,2.05495759e+04,9.82272730e+05,8.78256924e+02,1.13540333e-01
5.00000000e+00,2.06070691e-02,0.00000000e+00,2.53022159e-03,4.42011965e-01,2.07972139e+04,1.00478267e+06,9.12320184e+02,1.13447211e-01
5.00000000e+00,2.05137152e-02,0.00000000e+00,2.51876120e-03,4.42106020e-01,2.10609506e+04,1.02965968e+06,9.52076429e+02,1.13724988e-01
5.00000000e+00,2.04278119e-02,0.00000000e+00,2.50821514e-03,4.42192568e-01,2.13570965e+04,1.05854192e+06,1.00003856e+03,1.14564236e-01
5.00000000e+00,2.03487631e-02,0.00000000e+00,2.49851099e-03,4.42272210e-01,2.17130464e+04,1.09322131e+06,1.06047493e+03,1.16215557e-01
5.00000000e+00,2.02760268e-02,0.00000000e+00,2.48958170e-03,4.42345492e-01,2.21889931e+04,1.13806078e+06,1.14312278e+03,1.19265121e-01
5.00000000e+00,2.02091001e-02,0.00000000e+00,2.48136534e-03,4.42412922e-01,2.24662107e+04,1.16364123e+06,1.19160551e+03,1.21233722e-01
6.00000000e+00,2.02091001e-02,0.00000000e+00,2.48136534e-03,0.00000000e+00,2.35662709e+04,1.24524752e+06,1.31494367e+03,1.28116931e-01
6.00000000e+00,2.01530177e-02,0.00000000e+00,2.47383420e-03,5.65857909e-05,2.44656157e+04,1.29303996e+06,1.36135024e+03,1.31883034e-01
6.00000000e+00,2.00971197e-02,0.00000000e+00,2.46503553e-03,1.13172016e-04,2.63986326e+04,1.38388872e+06,1.43753109e+03,1.38912295e-01
6.00000000e+00,2.00414360e-02,0.00000000e+00,2.45497399e-03,1.69757506e-04,2.85332002e+04,1.47393777e+06,1.49555205e+03,1.45475326e-01
6.00000000e+00,1.99859943e-02,0.00000000e+00,2.44365493e-03,2.26342802e-04,3.08066470e+04,1.57048810e+06,1.55328581e+03,1.52260443e-01
6.00000000e+00,1.99308228e-02,0.00000000e+00,2.43108394e-03,2.82928399e-04,3.32246853e+04,1.67201289e+06,1.61268592e+03,1.59382729e-01
6.00000000e+00,1.98759492e-02,0.00000000e+00,2.41726730e-03,3.39514645e-04,3.57954634e+04,1.77842177e+06,1.67285206e+03,1.66822844e-01
6.00000000e+00,1.98214035e-02,0.00000000e+00,2.40221247e-03,3.96099814e-04,3.85255206e+04,1.88959521e+06,1.73334349e+03,1.74576099e-01
6.00000000e+00,1.97672118e-02,0.00000000e+00,2.38592690e-03,4.52685774e-04,4.29107104e+04,2.06495670e+06,1.82427772e+03,1.86753697e-01
6.00000000e+00,1.97134018e-02,0.00000000e+00,2.36841897e-03,5.09272336e-04,4.44846573e+04,2.12643814e+06,1.85436967e+03,1.91006124e-01
6.00000000e+00,1.96600035e-02,0.00000000e+00,2.34969752e-03,5.65857424e-04,4.77233448e+04,2.25210276e+06,1.91446265e+03,1.99666531e-01
6.00000000e+00,1.96070429e-02,0.00000000e+00,2.32977257e-03,6.22442118e-04,5.11388502e+04,2.38240306e+06,1.97390051e+03,2.08595101e-01
6.00000000e+00,1.95545442e-02,0.00000000e+00,2.30865390e-03,6.79029280e-04,5.47345511e+04,2.51738038e+06,2.03253287e+03,2.17777941e-01
6.00000000e+00,1.95025392e-02,0.00000000e+00,2.28635245e-03,7.35614439e-04,5.85095752e+04,2.65660946e+06,2.09011148e+03,2.27213661e-01
6.00000000e+00,1.94510520e-02,0.00000000e+00,2.26287986e-03,7.92199755e-04,6.24680033e+04,2.80036288e+06,2.14662731e+03,2.36965428e-01
6.00000000e+00,1.94001086e-02,0.00000000e+00,2.23824778e-03,8.48785654e-04,6.66155606e+04,2.94882707e+06,2.20169325e+03,2.47080374e-01
6.00000000e+00,1.93497371e-02,0.00000000e+00,2.21246900e-03,9.05370410e-04,7.31663760e+04,3.17906766e+06,2.28096612e+03,2.62845272e-01
6.00000000e+00,1.92999598e-02,0.00000000e+00,2.18555704e-03,9.61956947e-04,7.54689699e+04,3.25804525e+06,2.30580960e+03,2.68286341e-01
6.00000000e+00,1.92508064e-02,0.00000000e+00,2.15752516e-03,1.01854173e-03,8.01718455e+04,3.41859541e+06,2.35470787e+03,2.79351994e-01
6.00000000e+00,1.92022976e-02,0.00000000e+00,2.12838803e-03,1.07512867e-03,8.50556944e+04,3.58279556e+06,2.40110761e+03,2.90717462e-01
6.00000000e+00,1.91544630e-02,0.00000000e+00,2.09816033e-03,1.13171367e-03,9.01180066e+04,3.75041848e+06,2.44487450e+03,3.02392352e-01
6.00000000e+00,1.91073231e-02,0.00000000e+00,2.06685811e-03,1.18829982e-03,9.53575846e+04,3.92141847e+06,2.48590182e+03,3.14386962e-01
6.00000000e+00,1.90609060e-02,0.00000000e+00,2.03449675e-03,1.24488432e-03,1.00772015e+05,4.09555276e+06,2.52391215e+03,3.26688876e-01
6.00000000e+00,1.90152302e-02,0.00000000e+00,2.00109300e-03,1.30147132e-03,1.06360512e+05,4.27273982e+06,2.55870488e+03,3.39282118e-01
6.00000000e+00,1.89703256e-02,0.00000000e+00,1.96666433e-03,1.35805542e-03,1.15045327e+05,4.54343235e+06,2.60453756e+03,3.58627859e-01
6.00000000e+00,1.89262088e-02,0.00000000e+00,1.93122798e-03,1.41464184e-03,1.18049299e+05,4.63497411e+06,2.61676418e+03,3.65195470e-01
6.00000000e+00,1.88829061e-02,0.00000000e+00,1.89480220e-03,1.47122777e-03,1.24132057e+05,4.81870393e+06,2.63883755e+03,3.78398272e-01
6.00000000e+00,1.88404396e-02,0.00000000e+00,1.85740576e-03,1.52781304e-03,1.30357309e+05,5.00330845e+06,2.65599644e+03,3.91709452e-01
6.00000000e+00,1.87988300e-02,0.00000000e+00,1.81905774e-03,1.58439866e-03,1.36724736e+05,5.18946580e+06,2.66786656e+03,4.05077696e-01
6.00000000e+00,1.87580995e-02,0.00000000e+00,1.77977781e-03,1.64098384e-03,1.43191346e+05,5.37475598e+06,2.67301826e+03,4.18294285e-01
6.00000000e+00,1.87182669e-02,0.00000000e+00,1.73958612e-03,1.69757018e-03,1.49698593e+05,5.55585766e+06,2.67196077e+03,4.31268937e-01
6.00000000e+00,1.86793562e-02,0.00000000e+00,1.69850315e-03,1.75415506e-03,1.56264626e+05,5.73335106e+06,2.66477788e+03,4.43992964e-01
6.00000000e+00,1.86413825e-02,0.00000000e+00,1.65655010e-03,1.81074185e-03,1.59569063e+05,5.82129208e+06,2.65924619e+03,4.50266672e-01
7.00000000e+00,1.86413825e-02,0.00000000e+00,1.65655010e-03,0.00000000e+00,1.66419691e+05,6.03636986e+06,2.64361455e+03,4.57315129e-01
7.00000000e+00,1.86043698e-02,0.00000000e+00,1.61374838e-03,5.65855251e-05,1.69567802e+05,6.11278824e+06,2.63649783e+03,4.57944231e-01
7.00000000e+00,1.85683351e-02,0.00000000e+00,1.57011987e-03,1.13171286e-04,1.76037456e+05,6.28158922e+06,2.62543758e+03,4.59701545e-01
7.00000000e+00,1.85332987e-02,0.00000000e+00,1.52568694e-03,1.69756018e-04,1.82715883e+05,6.46608314e+06,2.61067215e+03,4.61409198e-01
7.00000000e+00,1.84992757e-02,0.00000000e+00,1.48047251e-03,2.26341479e-04,1.89456663e+05,6.64786751e+06,2.58444278e+03,4.62195738e-01
7.00000000e+00,1.84662845e-02,0.00000000e+00,1.43449951e-03,2.82927108e-04,1.96212297e+05,6.82449583e+06,2.54967520e+03,4.62230985e-01
7.00000000e+00,1.84343420e-02,0.00000000e+00,1.38779159e-03,3.39512914e-04,2.02927924e+05,6.99689270e+06,2.50850228e+03,4.61613605e-01
7.00000000e+00,1.84034649e-02,0.00000000e+00,1.34037284e-03,3.96098528e-04,2.09576510e+05,7.16627771e+06,2.46267474e+03,4.60473486e-01
7.00000000e+00,1.83736682e-02,0.00000000e+00,1.29226723e-03,4.52684698e-04,2.19403421e+05,7.41469680e+06,2.38582697e+03,4.57870242e-01
7.00000000e+00,1.83449686e-02,0.00000000e+00,1.24349969e-03,5.09270406e-04,2.22612918e+05,7.49488765e+06,2.35683206e+03,4.56618163e-01
7.00000000e+00,1.83173809e-02,0.00000000e+00,1.19409501e-03,5.65855744e-04,2.28969586e+05,7.65293235e+06,2.29631349e+03,4.53789783e-01
7.00000000e+00,1.82909183e-02,0.00000000e+00,1.14407868e-03,6.22441099e-04,2.35194002e+05,7.80634588e+06,2.23078958e+03,4.50286888e-01
7.00000000e+00,1.82655938e-02,0.00000000e+00,1.09347608e-03,6.79026913e-04,2.41269184e+05,7.95509495e+06,2.16040020e+03,4.46057779e-01
7.00000000e+00,1.82414204e-02,0.00000000e+00,1.04231341e-03,7.35612888e-04,2.47176625e+05,8.09885433e+06,2.08531937e+03,4.41068304e-01
7.00000000e+00,1.82184130e-02,0.00000000e+00,9.90616740e-04,7.92198095e-04,2.52899261e+05,8.23709436e+06,2.00568904e+03,4.35313653e-01
7.00000000e+00,1.81965791e-02,0.00000000e+00,9.38412559e-04,8.48784285e-04,2.58420924e+05,8.36947744e+06,1.92169390e+03,4.28786951e-01
7.00000000e+00,1.81759354e-02,0.00000000e+00,8.85727582e-04,9.05369344e-04,2.66321096e+05,8.55761756e+06,1.78860469e+03,4.17573618e-01
7.00000000e+00,1.81564875e-02,0.00000000e+00,8.32588878e-04,9.61955048e-04,2.68797226e+05,8.61619769e+06,1.74169285e+03,4.13239166e-01
7.00000000e+00,1.81382466e-02,0.00000000e+00,7.79023627e-04,1.01854096e-03,2.73622494e+05,8.73004620e+06,1.64596673e+03,4.04060959e-01
7.00000000e+00,1.81212239e-02,0.00000000e+00,7.25059246e-04,1.07512654e-03,2.78185151e+05,8.83699948e+06,1.54650991e+03,3.93822527e-01
7.00000000e+00,1.81054268e-02,0.00000000e+00,6.70723442e-04,1.13171212e-03,2.82469780e+05,8.93624560e+06,1.44344550e+03,3.82456348e-01
7.00000000e+00,1.80908628e-02,0.00000000e+00,6.16043981e-04,1.18829793e-03,2.86461721e+05,9.02712634e+06,1.33701998e+03,3.69917659e-01
7.00000000e+00,1.80775411e-02,0.00000000e+00,5.61048975e-04,1.24488341e-03,2.90146505e+05,9.10978546e+06,1.22776730e+03,3.56160260e-01
7.00000000e+00,1.80654675e-02,0.00000000e+00,5.05766482e-04,1.30146899e-03,2.93512290e+05,9.18480219e+06,1.11636140e+03,3.41122239e-01
7.00000000e+00,1.80546474e-02,0.00000000e+00,4.50224907e-04,1.35805469e-03,2.97987284e+05,9.28513855e+06,9.46698292e+02,3.16171455e-01
7.00000000e+00,1.80450864e-02,0.00000000e+00,3.94452683e-04,1.41464049e-03,2.99258084e+05,9.31421398e+06,8.89566576e+02,3.06837236e-01
7.00000000e+00,1.80367921e-02,0.00000000e+00,3.38478363e-04,1.47122601e-03,3.01634192e+05,9.37044284e+06,7.74887827e+02,2.87176479e-01
7.00000000e+00,1.80297662e-02,0.00000000e+00,2.82330642e-04,1.52781160e-03,3.03670461e+05,9.42229957e+06,6.59388841e+02,2.65321948e-01
7.00000000e+00,1.80240124e-02,0.00000000e+00,2.26038275e-04,1.58439725e-03,3.05350103e+05,9.46750782e+06,5.43626758e+02,2.40989314e-01
7.00000000e+00,1.80195346e-02,0.00000000e+00,1.69630104e-04,1.64098287e-03,3.06662014e+05,9.50383452e+06,4.30010584e+02,2.14232744e-01
7.00000000e+00,1.80163346e-02,0.00000000e+00,1.13135044e-04,1.69756849e-03,3.07613642e+05,9.53083776e+06,3.24106092e+02,1.85759526e-01
7.00000000e+00,1.80144124e-02,0.00000000e+00,5.65820155e-05,1.75415418e-03,3.08238456e+05,9.54586807e+06,2.36505051e+02,1.58123690e-01
7.00000000e+00,1.80137735e-02,0.00000000e+00,-6.76111610e-29,1.81073980e-03,3.08474872e+05,9.54971690e+06,1.99002462e+02,1.45009144e-01
