TITLE     = "Translation of CGNS file config_final_grid00.cgns"
VARIABLES = "CoordinateX"
"CoordinateY"
"CoordinateZ"
"P_norm"
"q_norm"
DATASETAUXDATA Common.DensityVar="9"
DATASETAUXDATA Common.MachNumberVar="9"
DATASETAUXDATA Common.PressureVar="4"
DATASETAUXDATA Common.SteadyState="TRUE"
DATASETAUXDATA Common.TemperatureVar="8"
DATASETAUXDATA Common.TurbulentViscosityVar="15"
DATASETAUXDATA Common.UVar="5"
DATASETAUXDATA Common.VectorVarsAreVelocity="TRUE"
DATASETAUXDATA Common.VVar="6"
DATASETAUXDATA Common.WVar="7"
ZONE T="Slice: Z=0"
 STRANDID=6, SOLUTIONTIME=-1
 I=514, J=1, K=1, ZONETYPE=Ordered
 DATAPACKING=BLOCK
 DT=(DOUBLE DOUBLE DOUBLE DOUBLE DOUBLE )
 1.771700000E+00 1.771699874E+00 1.770137480E+00 1.768574959E+00 1.767012439E+00
 1.765449919E+00 1.763887398E+00 1.762324878E+00 1.760762358E+00 1.759199837E+00
 1.757637317E+00 1.756074797E+00 1.754512276E+00 1.752949756E+00 1.751387236E+00
 1.749824715E+00 1.748262195E+00 1.746699675E+00 1.745137154E+00 1.743574634E+00
 1.742012114E+00 1.740449593E+00 1.738887073E+00 1.737324553E+00 1.735762033E+00
 1.734199512E+00 1.732636992E+00 1.731074472E+00 1.729511952E+00 1.727949431E+00
 1.726386911E+00 1.724824390E+00 1.723261859E+00 1.721699250E+00 1.720403085E+00
 1.719106852E+00 1.717810611E+00 1.716514369E+00 1.715218128E+00 1.713921886E+00
 1.712625644E+00 1.711329402E+00 1.710033160E+00 1.708736918E+00 1.707440677E+00
 1.706144435E+00 1.704848193E+00 1.703551951E+00 1.702255709E+00 1.700959467E+00
 1.699663226E+00 1.698366984E+00 1.697070742E+00 1.695774500E+00 1.694478258E+00
 1.693182017E+00 1.691885775E+00 1.690589533E+00 1.689293291E+00 1.687997049E+00
 1.686700808E+00 1.685404566E+00 1.684108324E+00 1.682812082E+00 1.681515841E+00
 1.680219599E+00 1.678923357E+00 1.677627115E+00 1.676330873E+00 1.675034632E+00
 1.673738390E+00 1.672442148E+00 1.671145906E+00 1.669849665E+00 1.668553423E+00
 1.667257181E+00 1.665960939E+00 1.664664698E+00 1.663368456E+00 1.662072214E+00
 1.660775972E+00 1.659479731E+00 1.658183489E+00 1.656887247E+00 1.655591006E+00
 1.654294764E+00 1.652998522E+00 1.651702280E+00 1.650406039E+00 1.649109797E+00
 1.647813555E+00 1.646517314E+00 1.645221072E+00 1.643924830E+00 1.642628589E+00
 1.641332347E+00 1.640036105E+00 1.638739864E+00 1.637443622E+00 1.636147380E+00
 1.634851139E+00 1.633554897E+00 1.632258655E+00 1.630962414E+00 1.629666172E+00
 1.628369931E+00 1.627073689E+00 1.625777447E+00 1.624481206E+00 1.623184964E+00
 1.621888722E+00 1.620592481E+00 1.619296240E+00 1.618000000E+00 1.616460196E+00
 1.614919970E+00 1.613378900E+00 1.611836564E+00 1.610292540E+00 1.608746404E+00
 1.607197733E+00 1.605646103E+00 1.604091088E+00 1.602532263E+00 1.600969201E+00
 1.599401472E+00 1.597828649E+00 1.596250299E+00 1.594665991E+00 1.593075291E+00
 1.591477762E+00 1.589872967E+00 1.588260467E+00 1.586639819E+00 1.585010580E+00
 1.583372304E+00 1.581724540E+00 1.580066839E+00 1.578398746E+00 1.576719804E+00
 1.575029553E+00 1.573327530E+00 1.571613269E+00 1.569886299E+00 1.568146149E+00
 1.566392341E+00 1.564624395E+00 1.562841826E+00 1.561044146E+00 1.559230862E+00
 1.557401479E+00 1.555555494E+00 1.553692402E+00 1.551811692E+00 1.549912850E+00
 1.547995355E+00 1.546058682E+00 1.544102300E+00 1.542125673E+00 1.540128260E+00
 1.538109513E+00 1.536068880E+00 1.534005802E+00 1.531919712E+00 1.529810041E+00
 1.527676209E+00 1.525517632E+00 1.523333720E+00 1.521123872E+00 1.518887485E+00
 1.516623946E+00 1.514332634E+00 1.512012921E+00 1.509664173E+00 1.507285745E+00
 1.504876987E+00 1.502437238E+00 1.499965829E+00 1.497462084E+00 1.494925318E+00
 1.492354834E+00 1.489749929E+00 1.487109889E+00 1.484433990E+00 1.481721501E+00
 1.478971677E+00 1.476183765E+00 1.473357002E+00 1.470490613E+00 1.467583813E+00
 1.464635805E+00 1.461645783E+00 1.458612926E+00 1.455536404E+00 1.452415374E+00
 1.449248981E+00 1.446036357E+00 1.442776623E+00 1.439468886E+00 1.436112239E+00
 1.432705762E+00 1.429248523E+00 1.425739574E+00 1.422177954E+00 1.418562688E+00
 1.414892784E+00 1.411167238E+00 1.407385029E+00 1.403545120E+00 1.399646460E+00
 1.395687981E+00 1.391668598E+00 1.387587210E+00 1.383442699E+00 1.379233930E+00
 1.374959749E+00 1.370618985E+00 1.366210450E+00 1.361732936E+00 1.357185215E+00
 1.352566043E+00 1.347874153E+00 1.343108261E+00 1.338267060E+00 1.333349225E+00
 1.328353407E+00 1.323278240E+00 1.318122331E+00 1.312884269E+00 1.307562618E+00
 1.302155921E+00 1.296662697E+00 1.291081440E+00 1.285410622E+00 1.279648689E+00
 1.273794062E+00 1.267845138E+00 1.261800286E+00 1.255657852E+00 1.249416151E+00
 1.243073475E+00 1.236628085E+00 1.230078216E+00 1.223422073E+00 1.216657833E+00
 1.209783643E+00 1.202797619E+00 1.195697848E+00 1.188482384E+00 1.181149252E+00
 1.173696441E+00 1.166121911E+00 1.158423585E+00 1.150599356E+00 1.142647079E+00
 1.134564577E+00 1.126349634E+00 1.118000000E+00 1.111138807E+00 1.104277614E+00
 1.097416421E+00 1.090555227E+00 1.083694034E+00 1.076832841E+00 1.069971648E+00
 1.063110455E+00 1.056249262E+00 1.049388069E+00 1.042526876E+00 1.035665682E+00
 1.028804489E+00 1.021943296E+00 1.015082103E+00 1.008220910E+00 1.001359717E+00
 9.944985237E-01 9.876373306E-01 9.807761374E-01 9.739149443E-01 9.670537512E-01
 9.601925580E-01 9.533313649E-01 9.464701718E-01 9.396089786E-01 9.327477855E-01
 9.258865924E-01 9.190253993E-01 9.121642061E-01 9.053030130E-01 8.984418199E-01
 8.915806267E-01 8.847194336E-01 8.778582405E-01 8.709970474E-01 8.641358542E-01
 8.572746611E-01 8.504134680E-01 8.435522748E-01 8.366910817E-01 8.298298886E-01
 8.229686954E-01 8.161075023E-01 8.092463092E-01 8.023851161E-01 7.955239229E-01
 7.886627298E-01 7.818015367E-01 7.749403435E-01 7.680791504E-01 7.612179573E-01
 7.543567641E-01 7.474955710E-01 7.406343779E-01 7.337731848E-01 7.269119916E-01
 7.200507985E-01 7.131896054E-01 7.063284122E-01 6.994672191E-01 6.926060260E-01
 6.857448329E-01 6.788836397E-01 6.720224466E-01 6.651612535E-01 6.583000603E-01
 6.514388672E-01 6.445776741E-01 6.377164809E-01 6.308552878E-01 6.239940947E-01
 6.171329016E-01 6.102717084E-01 6.034105153E-01 5.965493222E-01 5.896881290E-01
 5.828269359E-01 5.759657428E-01 5.691045497E-01 5.622433565E-01 5.553821634E-01
 5.485209703E-01 5.416597771E-01 5.347985840E-01 5.279373909E-01 5.210761977E-01
 5.142150046E-01 5.073538115E-01 5.004926184E-01 4.936314252E-01 4.867702321E-01
 4.799090390E-01 4.730478458E-01 4.661866527E-01 4.593254596E-01 4.522195003E-01
 4.447507403E-01 4.369186949E-01 4.287254820E-01 4.201760475E-01 4.112783618E-01
 4.020435778E-01 3.924861416E-01 3.826238469E-01 3.724778263E-01 3.620724735E-01
 3.514352917E-01 3.405966693E-01 3.295895808E-01 3.184492217E-01 3.072125806E-01
 2.959179623E-01 2.846044722E-01 2.733114777E-01 2.620780616E-01 2.509424843E-01
 2.399416697E-01 2.291107294E-01 2.184825381E-01 2.080873703E-01 1.979526050E-01
 1.881025035E-01 1.785580616E-01 1.693369346E-01 1.604534310E-01 1.519185698E-01
 1.437401931E-01 1.359231259E-01 1.284693739E-01 1.213783502E-01 1.146471223E-01
 1.082706700E-01 1.022421488E-01 9.655314966E-02 9.119395297E-02 8.615376900E-02
 8.142096413E-02 7.698326936E-02 7.282796974E-02 6.894207424E-02 6.531246575E-02
 6.192603169E-02 5.876977605E-02 5.583091384E-02 5.309694938E-02 5.055573961E-02
 4.819554417E-02 4.600506341E-02 4.397346597E-02 4.209040720E-02 4.034603974E-02
 3.873101743E-02 3.723649362E-02 3.585411489E-02 3.457601103E-02 3.339478198E-02
 3.230348257E-02 3.129560543E-02 3.036506272E-02 2.950616703E-02 2.871361183E-02
 2.798245172E-02 2.730808281E-02 2.668622327E-02 2.611289445E-02 2.558440238E-02
 2.509732001E-02 2.464847014E-02 2.423490902E-02 2.385391084E-02 2.350295288E-02
 2.317970157E-02 2.288199928E-02 2.260785183E-02 2.235541685E-02 2.212299281E-02
 2.190900875E-02 2.171201468E-02 2.153067264E-02 2.136374834E-02 2.121010340E-02
 2.106868810E-02 2.093853468E-02 2.081875108E-02 2.070851518E-02 2.060706939E-02
 2.051371573E-02 2.042781116E-02 2.034876339E-02 2.027602689E-02 2.020909926E-02
 2.015301703E-02 2.009711963E-02 2.004143568E-02 1.998599373E-02 1.993082215E-02
 1.987594922E-02 1.982140306E-02 1.976721160E-02 1.971340262E-02 1.966000367E-02
 1.960704212E-02 1.955454509E-02 1.950253948E-02 1.945105195E-02 1.940010885E-02
 1.934973630E-02 1.929996009E-02 1.925080572E-02 1.920229839E-02 1.915446294E-02
 1.910732388E-02 1.906090535E-02 1.901523114E-02 1.897032465E-02 1.892620888E-02
 1.888290644E-02 1.884043951E-02 1.879882983E-02 1.875809874E-02 1.871826710E-02
 1.867935532E-02 1.864138332E-02 1.860437056E-02 1.856833601E-02 1.853329813E-02
 1.849927486E-02 1.846628363E-02 1.843434136E-02 1.840346440E-02 1.837366856E-02
 1.834496913E-02 1.831738079E-02 1.829091769E-02 1.826559337E-02 1.824142082E-02
 1.821841241E-02 1.819657995E-02 1.817593460E-02 1.815648694E-02 1.813824695E-02
 1.812122396E-02 1.810542670E-02 1.809086326E-02 1.807754109E-02 1.806546703E-02
 1.805464726E-02 1.804508733E-02 1.803679212E-02 1.802976589E-02 1.802401225E-02
 1.801953413E-02 1.801633384E-02 1.801441301E-02 1.801377262E-02
 -2.046000000E-01 -2.046000000E-01 -2.045999474E-01 -2.045998948E-01 -2.045998424E-01
 -2.045997900E-01 -2.045997377E-01 -2.045996855E-01 -2.045996334E-01 -2.045995814E-01
 -2.045995295E-01 -2.045994776E-01 -2.045994259E-01 -2.045993742E-01 -2.045993226E-01
 -2.045992712E-01 -2.045992198E-01 -2.045991685E-01 -2.045991172E-01 -2.045990661E-01
 -2.045990151E-01 -2.045989641E-01 -2.045989133E-01 -2.045988625E-01 -2.045988118E-01
 -2.045987612E-01 -2.045987107E-01 -2.045986603E-01 -2.045986099E-01 -2.045985597E-01
 -2.045985095E-01 -2.045984595E-01 -2.045984095E-01 -2.045978724E-01 -2.037560694E-01
 -2.029142222E-01 -2.020723697E-01 -2.012305167E-01 -2.003886637E-01 -1.995468106E-01
 -1.987049576E-01 -1.978631046E-01 -1.970212516E-01 -1.961793986E-01 -1.953375456E-01
 -1.944956926E-01 -1.936538396E-01 -1.928119866E-01 -1.919701336E-01 -1.911282806E-01
 -1.902864277E-01 -1.894445747E-01 -1.886027217E-01 -1.877608688E-01 -1.869190158E-01
 -1.860771629E-01 -1.852353100E-01 -1.843934570E-01 -1.835516041E-01 -1.827097512E-01
 -1.818678983E-01 -1.810260454E-01 -1.801841925E-01 -1.793423396E-01 -1.785004867E-01
 -1.776586338E-01 -1.768167810E-01 -1.759749281E-01 -1.751330753E-01 -1.742912224E-01
 -1.734493696E-01 -1.726075167E-01 -1.717656639E-01 -1.709238111E-01 -1.700819583E-01
 -1.692401055E-01 -1.683982527E-01 -1.675563999E-01 -1.667145472E-01 -1.658726944E-01
 -1.650308416E-01 -1.641889889E-01 -1.633471362E-01 -1.625052834E-01 -1.616634307E-01
 -1.608215780E-01 -1.599797253E-01 -1.591378726E-01 -1.582960199E-01 -1.574541673E-01
 -1.566123146E-01 -1.557704620E-01 -1.549286093E-01 -1.540867567E-01 -1.532449041E-01
 -1.524030515E-01 -1.515611989E-01 -1.507193463E-01 -1.498774937E-01 -1.490356412E-01
 -1.481937886E-01 -1.473519361E-01 -1.465100835E-01 -1.456682310E-01 -1.448263785E-01
 -1.439845261E-01 -1.431426736E-01 -1.423008211E-01 -1.414589687E-01 -1.406171163E-01
 -1.397752638E-01 -1.389334115E-01 -1.380915592E-01 -1.372497081E-01 -1.372497090E-01
 -1.372497099E-01 -1.372497108E-01 -1.372497117E-01 -1.372497126E-01 -1.372497134E-01
 -1.372497143E-01 -1.372497152E-01 -1.372497161E-01 -1.372497170E-01 -1.372497179E-01
 -1.372497188E-01 -1.372497197E-01 -1.372497206E-01 -1.372497215E-01 -1.372497224E-01
 -1.372497233E-01 -1.372497242E-01 -1.372497251E-01 -1.372497261E-01 -1.372497270E-01
 -1.372497279E-01 -1.372497289E-01 -1.372497298E-01 -1.372497308E-01 -1.372497317E-01
 -1.372497327E-01 -1.372497336E-01 -1.372497346E-01 -1.372497356E-01 -1.372497366E-01
 -1.372497376E-01 -1.372497386E-01 -1.372497396E-01 -1.372497407E-01 -1.372497417E-01
 -1.372497427E-01 -1.372497438E-01 -1.372497449E-01 -1.372497459E-01 -1.372497470E-01
 -1.372497481E-01 -1.372497492E-01 -1.372497503E-01 -1.372497515E-01 -1.372497526E-01
 -1.372497538E-01 -1.372497549E-01 -1.372497561E-01 -1.372497573E-01 -1.372497585E-01
 -1.372497597E-01 -1.372497610E-01 -1.372497622E-01 -1.372497635E-01 -1.372497647E-01
 -1.372497660E-01 -1.372497673E-01 -1.372497687E-01 -1.372497700E-01 -1.372497714E-01
 -1.372497728E-01 -1.372497742E-01 -1.372497756E-01 -1.372497770E-01 -1.372497784E-01
 -1.372497799E-01 -1.372497814E-01 -1.372497829E-01 -1.372497845E-01 -1.372497860E-01
 -1.372497876E-01 -1.372497892E-01 -1.372497908E-01 -1.372497924E-01 -1.372497941E-01
 -1.372497958E-01 -1.372497975E-01 -1.372497992E-01 -1.372498010E-01 -1.372498028E-01
 -1.372498046E-01 -1.372498064E-01 -1.372498083E-01 -1.372498102E-01 -1.372498121E-01
 -1.372498141E-01 -1.372498161E-01 -1.372498181E-01 -1.372498201E-01 -1.372498222E-01
 -1.372498243E-01 -1.372498264E-01 -1.372498286E-01 -1.372498308E-01 -1.372498330E-01
 -1.372498353E-01 -1.372498376E-01 -1.372498399E-01 -1.372498423E-01 -1.372498447E-01
 -1.372498472E-01 -1.372498497E-01 -1.372498522E-01 -1.372498548E-01 -1.372498574E-01
 -1.372498600E-01 -1.372498627E-01 -1.372498655E-01 -1.372498683E-01 -1.372498711E-01
 -1.372498740E-01 -1.372498769E-01 -1.372498798E-01 -1.372498828E-01 -1.372498859E-01
 -1.372498890E-01 -1.372498922E-01 -1.372498954E-01 -1.372498986E-01 -1.372499020E-01
 -1.372499053E-01 -1.372499088E-01 -1.372499122E-01 -1.372499158E-01 -1.372499194E-01
 -1.372499230E-01 -1.372499267E-01 -1.372499305E-01 -1.372499343E-01 -1.372499382E-01
 -1.372499422E-01 -1.372499462E-01 -1.372499503E-01 -1.372499545E-01 -1.372499587E-01
 -1.372499630E-01 -1.372499674E-01 -1.372499718E-01 -1.372499764E-01 -1.372499810E-01
 -1.372499856E-01 -1.372499904E-01 -1.372499954E-01 -1.364076913E-01 -1.355653873E-01
 -1.347230834E-01 -1.338807795E-01 -1.330384756E-01 -1.321961717E-01 -1.313538677E-01
 -1.305115638E-01 -1.296692599E-01 -1.288269560E-01 -1.279846521E-01 -1.271423482E-01
 -1.263000442E-01 -1.254577403E-01 -1.246154364E-01 -1.237731325E-01 -1.229308286E-01
 -1.220885247E-01 -1.212462207E-01 -1.204039168E-01 -1.195616129E-01 -1.187193090E-01
 -1.178770051E-01 -1.170347012E-01 -1.161923972E-01 -1.153500933E-01 -1.145077894E-01
 -1.136654855E-01 -1.128231816E-01 -1.119808776E-01 -1.111385737E-01 -1.102962698E-01
 -1.094539659E-01 -1.086116620E-01 -1.077693581E-01 -1.069270541E-01 -1.060847502E-01
 -1.052424463E-01 -1.044001424E-01 -1.035578385E-01 -1.027155346E-01 -1.018732306E-01
 -1.010309267E-01 -1.001886228E-01 -9.934631889E-02 -9.850401497E-02 -9.766171105E-02
 -9.681940714E-02 -9.597710322E-02 -9.513479930E-02 -9.429249538E-02 -9.345019147E-02
 -9.260788755E-02 -9.176558363E-02 -9.092327971E-02 -9.008097580E-02 -8.923867188E-02
 -8.839636796E-02 -8.755406404E-02 -8.671176013E-02 -8.586945621E-02 -8.502715229E-02
 -8.418484837E-02 -8.334254446E-02 -8.250024054E-02 -8.165793662E-02 -8.081563270E-02
 -7.997332879E-02 -7.913102487E-02 -7.828872095E-02 -7.744641704E-02 -7.660411312E-02
 -7.576180920E-02 -7.491950528E-02 -7.407720137E-02 -7.323489745E-02 -7.239259353E-02
 -7.155028961E-02 -7.070798570E-02 -6.986568178E-02 -6.902337786E-02 -6.818107394E-02
 -6.733877003E-02 -6.649646611E-02 -6.565416219E-02 -6.481185827E-02 -6.396955436E-02
 -6.312725044E-02 -6.228494652E-02 -6.144264260E-02 -6.060033869E-02 -5.975803477E-02
 -5.891573085E-02 -5.807342693E-02 -5.723112301E-02 -5.638881901E-02 -5.551646679E-02
 -5.459957580E-02 -5.363808663E-02 -5.263225929E-02 -5.158270093E-02 -5.049039004E-02
 -4.935669579E-02 -4.818339164E-02 -4.697266199E-02 -4.572710117E-02 -4.444970382E-02
 -4.314384634E-02 -4.181325930E-02 -4.046199078E-02 -3.909436150E-02 -3.771491230E-02
 -3.632834563E-02 -3.493946218E-02 -3.355309484E-02 -3.217404156E-02 -3.080699931E-02
 -2.945650099E-02 -2.812685704E-02 -2.682210326E-02 -2.554595626E-02 -2.430177718E-02
 -2.309254441E-02 -2.192083548E-02 -2.078881782E-02 -1.969824797E-02 -1.865047869E-02
 -1.764647268E-02 -1.668682228E-02 -1.577177372E-02 -1.490125497E-02 -1.407490598E-02
 -1.329211050E-02 -1.255202823E-02 -1.185362689E-02 -1.119571324E-02 -1.057696270E-02
 -9.995947088E-03 -9.451160222E-03 -8.941041169E-03 -8.463995104E-03 -8.018411725E-03
 -7.602681285E-03 -7.215208350E-03 -6.854423391E-03 -6.518792391E-03 -6.206824629E-03
 -5.917078817E-03 -5.648167770E-03 -5.398761793E-03 -5.167590940E-03 -4.953446315E-03
 -4.755180551E-03 -4.571707604E-03 -4.402001977E-03 -4.245097495E-03 -4.100085704E-03
 -3.966113987E-03 -3.842383479E-03 -3.728146815E-03 -3.622705789E-03 -3.525408952E-03
 -3.435649191E-03 -3.352861314E-03 -3.276519672E-03 -3.206135829E-03 -3.141256301E-03
 -3.081460374E-03 -3.026358000E-03 -2.975587797E-03 -2.928815133E-03 -2.885730312E-03
 -2.846046856E-03 -2.809499885E-03 -2.775844589E-03 -2.744854792E-03 -2.716321608E-03
 -2.690052179E-03 -2.665868501E-03 -2.643606321E-03 -2.623114112E-03 -2.604252124E-03
 -2.586891490E-03 -2.570913403E-03 -2.556208351E-03 -2.542675408E-03 -2.530221570E-03
 -2.518761148E-03 -2.508215204E-03 -2.498511025E-03 -2.489581639E-03 -2.481365370E-03
 -2.473834142E-03 -2.465035547E-03 -2.454974089E-03 -2.443654927E-03 -2.431083854E-03
 -2.417267316E-03 -2.402212388E-03 -2.385926783E-03 -2.368418846E-03 -2.349697544E-03
 -2.329772471E-03 -2.308653834E-03 -2.286352449E-03 -2.262879748E-03 -2.238247750E-03
 -2.212469076E-03 -2.185556935E-03 -2.157525110E-03 -2.128387963E-03 -2.098160426E-03
 -2.066857982E-03 -2.034496668E-03 -2.001093060E-03 -1.966664274E-03 -1.931227945E-03
 -1.894802233E-03 -1.857405794E-03 -1.819057788E-03 -1.779777862E-03 -1.739586139E-03
 -1.698503211E-03 -1.656550121E-03 -1.613748364E-03 -1.570119868E-03 -1.525686985E-03
 -1.480472478E-03 -1.434499511E-03 -1.387791636E-03 -1.340372782E-03 -1.292267243E-03
 -1.243499662E-03 -1.194095025E-03 -1.144078642E-03 -1.093476135E-03 -1.042313431E-03
 -9.906167402E-04 -9.384125469E-04 -8.857275957E-04 -8.325888774E-04 -7.790236165E-04
 -7.250592543E-04 -6.707234368E-04 -6.160440019E-04 -5.610489617E-04 -5.057664899E-04
 -4.502249104E-04 -3.944526760E-04 -3.384783486E-04 -2.823306351E-04 -2.260382747E-04
 -1.696301070E-04 -1.131350432E-04 -5.658201518E-05 6.761115945E-29
 0.000000000E+00 0.000000000E+00 0.000000000E+00 0.000000000E+00 0.000000000E+00
 0.000000000E+00 0.000000000E+00 0.000000000E+00 0.000000000E+00 0.000000000E+00
 0.000000000E+00 0.000000000E+00 0.000000000E+00 0.000000000E+00 0.000000000E+00
 0.000000000E+00 0.000000000E+00 0.000000000E+00 0.000000000E+00 0.000000000E+00
 0.000000000E+00 0.000000000E+00 0.000000000E+00 0.000000000E+00 0.000000000E+00
 0.000000000E+00 0.000000000E+00 0.000000000E+00 0.000000000E+00 0.000000000E+00
 0.000000000E+00 0.000000000E+00 0.000000000E+00 0.000000000E+00 0.000000000E+00
 0.000000000E+00 0.000000000E+00 0.000000000E+00 0.000000000E+00 0.000000000E+00
 0.000000000E+00 0.000000000E+00 0.000000000E+00 0.000000000E+00 0.000000000E+00
 0.000000000E+00 0.000000000E+00 0.000000000E+00 0.000000000E+00 0.000000000E+00
 0.000000000E+00 0.000000000E+00 0.000000000E+00 0.000000000E+00 0.000000000E+00
 0.000000000E+00 0.000000000E+00 0.000000000E+00 0.000000000E+00 0.000000000E+00
 0.000000000E+00 0.000000000E+00 0.000000000E+00 0.000000000E+00 0.000000000E+00
 0.000000000E+00 0.000000000E+00 0.000000000E+00 0.000000000E+00 0.000000000E+00
 0.000000000E+00 0.000000000E+00 0.000000000E+00 0.000000000E+00 0.000000000E+00
 0.000000000E+00 0.000000000E+00 0.000000000E+00 0.000000000E+00 0.000000000E+00
 0.000000000E+00 0.000000000E+00 0.000000000E+00 0.000000000E+00 0.000000000E+00
 0.000000000E+00 0.000000000E+00 0.000000000E+00 0.000000000E+00 0.000000000E+00
 0.000000000E+00 0.000000000E+00 0.000000000E+00 0.000000000E+00 0.000000000E+00
 0.000000000E+00 0.000000000E+00 0.000000000E+00 0.000000000E+00 0.000000000E+00
 0.000000000E+00 0.000000000E+00 0.000000000E+00 0.000000000E+00 0.000000000E+00
 0.000000000E+00 0.000000000E+00 0.000000000E+00 0.000000000E+00 0.000000000E+00
 0.000000000E+00 0.000000000E+00 0.000000000E+00 0.000000000E+00 0.000000000E+00
 0.000000000E+00 0.000000000E+00 0.000000000E+00 0.000000000E+00 0.000000000E+00
 0.000000000E+00 0.000000000E+00 0.000000000E+00 0.000000000E+00 0.000000000E+00
 0.000000000E+00 0.000000000E+00 0.000000000E+00 0.000000000E+00 0.000000000E+00
 0.000000000E+00 0.000000000E+00 0.000000000E+00 0.000000000E+00 0.000000000E+00
 0.000000000E+00 0.000000000E+00 0.000000000E+00 0.000000000E+00 0.000000000E+00
 0.000000000E+00 0.000000000E+00 0.000000000E+00 0.000000000E+00 0.000000000E+00
 0.000000000E+00 0.000000000E+00 0.000000000E+00 0.000000000E+00 0.000000000E+00
 0.000000000E+00 0.000000000E+00 0.000000000E+00 0.000000000E+00 0.000000000E+00
 0.000000000E+00 0.000000000E+00 0.000000000E+00 0.000000000E+00 0.000000000E+00
 0.000000000E+00 0.000000000E+00 0.000000000E+00 0.000000000E+00 0.000000000E+00
 0.000000000E+00 0.000000000E+00 0.000000000E+00 0.000000000E+00 0.000000000E+00
 0.000000000E+00 0.000000000E+00 0.000000000E+00 0.000000000E+00 0.000000000E+00
 0.000000000E+00 0.000000000E+00 0.000000000E+00 0.000000000E+00 0.000000000E+00
 0.000000000E+00 0.000000000E+00 0.000000000E+00 0.000000000E+00 0.000000000E+00
 0.000000000E+00 0.000000000E+00 0.000000000E+00 0.000000000E+00 0.000000000E+00
 0.000000000E+00 0.000000000E+00 0.000000000E+00 0.000000000E+00 0.000000000E+00
 0.000000000E+00 0.000000000E+00 0.000000000E+00 0.000000000E+00 0.000000000E+00
 0.000000000E+00 0.000000000E+00 0.000000000E+00 0.000000000E+00 0.000000000E+00
 0.000000000E+00 0.000000000E+00 0.000000000E+00 0.000000000E+00 0.000000000E+00
 0.000000000E+00 0.000000000E+00 0.000000000E+00 0.000000000E+00 0.000000000E+00
 0.000000000E+00 0.000000000E+00 0.000000000E+00 0.000000000E+00 0.000000000E+00
 0.000000000E+00 0.000000000E+00 0.000000000E+00 0.000000000E+00 0.000000000E+00
 0.000000000E+00 0.000000000E+00 0.000000000E+00 0.000000000E+00 0.000000000E+00
 0.000000000E+00 0.000000000E+00 0.000000000E+00 0.000000000E+00 0.000000000E+00
 0.000000000E+00 0.000000000E+00 0.000000000E+00 0.000000000E+00 0.000000000E+00
 0.000000000E+00 0.000000000E+00 0.000000000E+00 0.000000000E+00 0.000000000E+00
 0.000000000E+00 0.000000000E+00 0.000000000E+00 0.000000000E+00 0.000000000E+00
 0.000000000E+00 0.000000000E+00 0.000000000E+00 0.000000000E+00 0.000000000E+00
 0.000000000E+00 0.000000000E+00 0.000000000E+00 0.000000000E+00 0.000000000E+00
 0.000000000E+00 0.000000000E+00 0.000000000E+00 0.000000000E+00 0.000000000E+00
 0.000000000E+00 0.000000000E+00 0.000000000E+00 0.000000000E+00 0.000000000E+00
 0.000000000E+00 0.000000000E+00 0.000000000E+00 0.000000000E+00 0.000000000E+00
 0.000000000E+00 0.000000000E+00 0.000000000E+00 0.000000000E+00 0.000000000E+00
 0.000000000E+00 0.000000000E+00 0.000000000E+00 0.000000000E+00 0.000000000E+00
 0.000000000E+00 0.000000000E+00 0.000000000E+00 0.000000000E+00 0.000000000E+00
 0.000000000E+00 0.000000000E+00 0.000000000E+00 0.000000000E+00 0.000000000E+00
 0.000000000E+00 0.000000000E+00 0.000000000E+00 0.000000000E+00 0.000000000E+00
 0.000000000E+00 0.000000000E+00 0.000000000E+00 0.000000000E+00 0.000000000E+00
 0.000000000E+00 0.000000000E+00 0.000000000E+00 0.000000000E+00 0.000000000E+00
 0.000000000E+00 0.000000000E+00 0.000000000E+00 0.000000000E+00 0.000000000E+00
 0.000000000E+00 0.000000000E+00 0.000000000E+00 0.000000000E+00 0.000000000E+00
 0.000000000E+00 0.000000000E+00 0.000000000E+00 0.000000000E+00 0.000000000E+00
 0.000000000E+00 0.000000000E+00 0.000000000E+00 0.000000000E+00 0.000000000E+00
 0.000000000E+00 0.000000000E+00 0.000000000E+00 0.000000000E+00 0.000000000E+00
 0.000000000E+00 0.000000000E+00 0.000000000E+00 0.000000000E+00 0.000000000E+00
 0.000000000E+00 0.000000000E+00 0.000000000E+00 0.000000000E+00 0.000000000E+00
 0.000000000E+00 0.000000000E+00 0.000000000E+00 0.000000000E+00 0.000000000E+00
 0.000000000E+00 0.000000000E+00 0.000000000E+00 0.000000000E+00 0.000000000E+00
 0.000000000E+00 0.000000000E+00 0.000000000E+00 0.000000000E+00 0.000000000E+00
 0.000000000E+00 0.000000000E+00 0.000000000E+00 0.000000000E+00 0.000000000E+00
 0.000000000E+00 0.000000000E+00 0.000000000E+00 0.000000000E+00 0.000000000E+00
 0.000000000E+00 0.000000000E+00 0.000000000E+00 0.000000000E+00 0.000000000E+00
 0.000000000E+00 0.000000000E+00 0.000000000E+00 0.000000000E+00 0.000000000E+00
 0.000000000E+00 0.000000000E+00 0.000000000E+00 0.000000000E+00 0.000000000E+00
 0.000000000E+00 0.000000000E+00 0.000000000E+00 0.000000000E+00 0.000000000E+00
 0.000000000E+00 0.000000000E+00 0.000000000E+00 0.000000000E+00 0.000000000E+00
 0.000000000E+00 0.000000000E+00 0.000000000E+00 0.000000000E+00 0.000000000E+00
 0.000000000E+00 0.000000000E+00 0.000000000E+00 0.000000000E+00 0.000000000E+00
 0.000000000E+00 0.000000000E+00 0.000000000E+00 0.000000000E+00 0.000000000E+00
 0.000000000E+00 0.000000000E+00 0.000000000E+00 0.000000000E+00 0.000000000E+00
 0.000000000E+00 0.000000000E+00 0.000000000E+00 0.000000000E+00 0.000000000E+00
 0.000000000E+00 0.000000000E+00 0.000000000E+00 0.000000000E+00 0.000000000E+00
 0.000000000E+00 0.000000000E+00 0.000000000E+00 0.000000000E+00 0.000000000E+00
 0.000000000E+00 0.000000000E+00 0.000000000E+00 0.000000000E+00 0.000000000E+00
 0.000000000E+00 0.000000000E+00 0.000000000E+00 0.000000000E+00 0.000000000E+00
 0.000000000E+00 0.000000000E+00 0.000000000E+00 0.000000000E+00 0.000000000E+00
 0.000000000E+00 0.000000000E+00 0.000000000E+00 0.000000000E+00 0.000000000E+00
 0.000000000E+00 0.000000000E+00 0.000000000E+00 0.000000000E+00 0.000000000E+00
 0.000000000E+00 0.000000000E+00 0.000000000E+00 0.000000000E+00 0.000000000E+00
 0.000000000E+00 0.000000000E+00 0.000000000E+00 0.000000000E+00 0.000000000E+00
 0.000000000E+00 0.000000000E+00 0.000000000E+00 0.000000000E+00 0.000000000E+00
 0.000000000E+00 0.000000000E+00 0.000000000E+00 0.000000000E+00 0.000000000E+00
 0.000000000E+00 0.000000000E+00 0.000000000E+00 0.000000000E+00 0.000000000E+00
 0.000000000E+00 0.000000000E+00 0.000000000E+00 0.000000000E+00 0.000000000E+00
 0.000000000E+00 0.000000000E+00 0.000000000E+00 0.000000000E+00 0.000000000E+00
 0.000000000E+00 0.000000000E+00 0.000000000E+00 0.000000000E+00 0.000000000E+00
 0.000000000E+00 0.000000000E+00 0.000000000E+00 0.000000000E+00 0.000000000E+00
 0.000000000E+00 0.000000000E+00 0.000000000E+00 0.000000000E+00 0.000000000E+00
 0.000000000E+00 0.000000000E+00 0.000000000E+00 0.000000000E+00 0.000000000E+00
 0.000000000E+00 0.000000000E+00 0.000000000E+00 0.000000000E+00
 1.889892112E+00 1.889892951E+00 1.900276749E+00 1.918217242E+00 1.934118811E+00
 1.951118433E+00 1.968964548E+00 1.987848965E+00 2.007785754E+00 2.028845040E+00
 2.051100880E+00 2.074651053E+00 2.099613070E+00 2.126123753E+00 2.154333986E+00
 2.184407603E+00 2.216532443E+00 2.250956039E+00 2.288047239E+00 2.328348005E+00
 2.372563613E+00 2.421434022E+00 2.475522299E+00 2.535138616E+00 2.600623412E+00
 2.672984509E+00 2.754589309E+00 2.849698913E+00 2.965275781E+00 3.113108894E+00
 3.324154093E+00 3.653773146E+00 3.989606797E+00 1.340515506E+01 2.271954861E+01
 2.273389288E+01 2.270269453E+01 2.267707635E+01 2.265674910E+01 2.264564243E+01
 2.264339966E+01 2.264724517E+01 2.265303677E+01 2.265668916E+01 2.265548706E+01
 2.264873036E+01 2.263792182E+01 2.262647251E+01 2.261818436E+01 2.261570198E+01
 2.261971150E+01 2.262855427E+01 2.263894993E+01 2.264786488E+01 2.265413034E+01
 2.265889284E+01 2.266500758E+01 2.267537877E+01 2.269111808E+01 2.271071951E+01
 2.273075285E+01 2.274778025E+01 2.276071615E+01 2.277232965E+01 2.278771147E+01
 2.280949992E+01 2.283364628E+01 2.285182767E+01 2.286002043E+01 2.286550574E+01
 2.288499054E+01 2.293226172E+01 2.300040040E+01 2.306192446E+01 2.309299713E+01
 2.309337113E+01 2.308641898E+01 2.309589968E+01 2.311969970E+01 2.312987871E+01
 2.309781199E+01 2.301956322E+01 2.291235971E+01 2.278485245E+01 2.261913593E+01
 2.238669723E+01 2.207759173E+01 2.170510202E+01 2.128204866E+01 2.080658363E+01
 2.027558402E+01 1.969791046E+01 1.908536037E+01 1.844144888E+01 1.776945638E+01
 1.708029951E+01 1.638328411E+01 1.568050032E+01 1.497282910E+01 1.426371409E+01
 1.355748613E+01 1.285705959E+01 1.216442959E+01 1.148110633E+01 1.080756318E+01
 1.014185864E+01 9.475762907E+00 8.788452679E+00 8.044543567E+00 7.199639081E+00
 6.210101478E+00 5.056634835E+00 3.845463573E+00 2.450212535E+00 1.652541596E+00
 1.389357696E+00 9.757108137E-01 8.119346750E-01 7.944763223E-01 7.942301200E-01
 7.941893597E-01 7.941293560E-01 7.940591716E-01 7.939885581E-01 7.939183162E-01
 7.938479173E-01 7.937772682E-01 7.937063860E-01 7.936351156E-01 7.935633589E-01
 7.934909482E-01 7.934176727E-01 7.933439620E-01 7.932700230E-01 7.931950410E-01
 7.931188350E-01 7.930417087E-01 7.929636424E-01 7.928845556E-01 7.928043165E-01
 7.927228456E-01 7.926402059E-01 7.925564374E-01 7.924715135E-01 7.923854466E-01
 7.922982834E-01 7.922100723E-01 7.921208238E-01 7.920305074E-01 7.919391017E-01
 7.918466552E-01 7.917532453E-01 7.916588968E-01 7.915636203E-01 7.914674675E-01
 7.913705152E-01 7.912728377E-01 7.911744976E-01 7.910755535E-01 7.909760827E-01
 7.908761524E-01 7.907758621E-01 7.906752845E-01 7.905744612E-01 7.904734693E-01
 7.903723628E-01 7.902712046E-01 7.901700754E-01 7.900690612E-01 7.899682440E-01
 7.898677061E-01 7.897675384E-01 7.896678403E-01 7.895687069E-01 7.894702355E-01
 7.893725353E-01 7.892757271E-01 7.891799408E-01 7.890853129E-01 7.889919893E-01
 7.889001271E-01 7.888099030E-01 7.887215025E-01 7.886351240E-01 7.885510035E-01
 7.884693853E-01 7.883904985E-01 7.883145936E-01 7.882421071E-01 7.881734645E-01
 7.881089948E-01 7.880491272E-01 7.879943378E-01 7.879451449E-01 7.879020524E-01
 7.878656953E-01 7.878368233E-01 7.878161518E-01 7.878044407E-01 7.878025318E-01
 7.878113850E-01 7.878320940E-01 7.878658634E-01 7.879139082E-01 7.879775527E-01
 7.880584331E-01 7.881582897E-01 7.882789767E-01 7.884226499E-01 7.885917050E-01
 7.887888069E-01 7.890169597E-01 7.892794912E-01 7.895800785E-01 7.899228699E-01
 7.903125509E-01 7.907542537E-01 7.912536842E-01 7.918173258E-01 7.924523686E-01
 7.931667701E-01 7.939694150E-01 7.948702554E-01 7.958804047E-01 7.970122577E-01
 7.982796502E-01 7.996980254E-01 8.012847078E-01 8.030590241E-01 8.050425267E-01
 8.072594431E-01 8.097371113E-01 8.125063445E-01 8.156018346E-01 8.190625241E-01
 8.229317815E-01 8.272576172E-01 8.320931382E-01 8.374976280E-01 8.435380538E-01
 8.502908030E-01 8.578433101E-01 8.662950014E-01 8.757572742E-01 8.863526660E-01
 8.982149002E-01 9.114944997E-01 9.263799039E-01 9.431332675E-01 9.621241274E-01
 9.838279793E-01 1.008807421E+00 1.037914091E+00 1.073016948E+00 1.118073089E+00
 1.181792823E+00 1.276697976E+00 1.836271711E+00 2.338594434E+00 2.338146992E+00
 2.338167200E+00 2.338276626E+00 2.338345547E+00 2.338410538E+00 2.338461035E+00
 2.338499591E+00 2.338527077E+00 2.338545572E+00 2.338557752E+00 2.338566914E+00
 2.338576781E+00 2.338591282E+00 2.338614294E+00 2.338649339E+00 2.338699215E+00
 2.338765576E+00 2.338848706E+00 2.338947482E+00 2.339059332E+00 2.339180376E+00
 2.339305829E+00 2.339430363E+00 2.339548526E+00 2.339655429E+00 2.339747324E+00
 2.339822044E+00 2.339879316E+00 2.339920939E+00 2.339950709E+00 2.339973974E+00
 2.339997053E+00 2.340026546E+00 2.340068406E+00 2.340127138E+00 2.340205209E+00
 2.340302497E+00 2.340416280E+00 2.340541622E+00 2.340671828E+00 2.340799466E+00
 2.340917579E+00 2.341020817E+00 2.341106410E+00 2.341174738E+00 2.341229439E+00
 2.341276909E+00 2.341325238E+00 2.341382685E+00 2.341455870E+00 2.341548245E+00
 2.341659110E+00 2.341783599E+00 2.341913775E+00 2.342040382E+00 2.342154748E+00
 2.342250332E+00 2.342323893E+00 2.342375589E+00 2.342408946E+00 2.342431042E+00
 2.342452158E+00 2.342485512E+00 2.342546652E+00 2.342651465E+00 2.342812707E+00
 2.343035987E+00 2.343316324E+00 2.343637175E+00 2.343972736E+00 2.344293502E+00
 2.344573848E+00 2.344798721E+00 2.344966913E+00 2.345089762E+00 2.345185846E+00
 2.345274361E+00 2.345369932E+00 2.345480301E+00 2.345607462E+00 2.345750073E+00
 2.345906093E+00 2.346073743E+00 2.346251474E+00 2.346438083E+00 2.346632074E+00
 2.346831413E+00 2.347033421E+00 2.347235891E+00 2.347441050E+00 2.347657777E+00
 2.347891537E+00 2.348118847E+00 2.348277009E+00 2.348522673E+00 2.348756451E+00
 2.348911613E+00 2.349138743E+00 2.349370186E+00 2.349614267E+00 2.349867664E+00
 2.350128037E+00 2.350395213E+00 2.350673049E+00 2.350966987E+00 2.351275787E+00
 2.351580173E+00 2.351834599E+00 2.351972005E+00 2.351928065E+00 2.351661351E+00
 2.351148671E+00 2.350368968E+00 2.349279495E+00 2.347798418E+00 2.345811838E+00
 2.343182069E+00 2.339738233E+00 2.335274702E+00 2.329596672E+00 2.322592345E+00
 2.314246238E+00 2.304556788E+00 2.293443896E+00 2.280743541E+00 2.266249937E+00
 2.249760629E+00 2.231147400E+00 2.210437135E+00 2.187880645E+00 2.163927074E+00
 2.139067575E+00 2.113669884E+00 2.087949456E+00 2.062093316E+00 2.036366924E+00
 2.011196681E+00 1.987165528E+00 1.964908250E+00 1.945009524E+00 1.927925697E+00
 1.913922232E+00 1.903021836E+00 1.895223385E+00 1.890831985E+00 1.890511071E+00
 1.895238282E+00 1.905890638E+00 1.922652297E+00 1.944890820E+00 1.971595903E+00
 2.002318022E+00 2.037732909E+00 2.079004140E+00 2.126532388E+00 2.179438021E+00
 2.236428621E+00 2.297260738E+00 2.363152181E+00 2.435215350E+00 2.513195863E+00
 2.595425744E+00 2.680239473E+00 2.767505679E+00 2.857720495E+00 2.950710591E+00
 3.045474175E+00 3.141108099E+00 3.236710604E+00 3.331196494E+00 3.424189023E+00
 3.516065576E+00 3.606710281E+00 3.695569064E+00 3.781368317E+00 3.862432306E+00
 3.938276049E+00 4.009474897E+00 4.076928191E+00 4.141668986E+00 4.204632596E+00
 4.265999300E+00 4.325556592E+00 4.383119916E+00 4.438664482E+00 4.492886841E+00
 4.548454791E+00 4.610121353E+00 4.685584491E+00 4.786453308E+00 4.970296117E+00
 5.299452985E+00 5.726184742E+00 6.189373357E+00 6.685087398E+00 7.212145798E+00
 7.772082419E+00 8.366171478E+00 8.994635134E+00 9.656616424E+00 1.035358022E+01
 1.108913307E+01 1.186367672E+01 1.267650045E+01 1.352851856E+01 1.442048557E+01
 1.535222397E+01 1.632282906E+01 1.733098292E+01 1.837373122E+01 1.944988609E+01
 2.055948738E+01 2.170422276E+01 2.289369861E+01 2.413056302E+01 2.541727849E+01
 2.675705101E+01 2.812798571E+01 2.949503864E+01 3.087202384E+01 3.225156059E+01
 3.361764442E+01 3.506881960E+01 3.655299387E+01 3.799812221E+01 3.945039357E+01
 4.090420931E+01 4.236437522E+01 4.382188835E+01 4.526115018E+01 4.667640332E+01
 4.807132320E+01 4.945055880E+01 5.079688098E+01 5.211542355E+01 5.340271472E+01
 5.465323139E+01 5.587830180E+01 5.705949004E+01 5.818783035E+01 5.925790258E+01
 6.027385139E+01 6.120467560E+01 6.206686975E+01 6.287332018E+01 6.360008920E+01
 6.426704659E+01 6.487195178E+01 6.540842289E+01 6.586771158E+01 6.623597367E+01
 6.648947714E+01 6.661484420E+01 6.663354164E+01 6.662108899E+01
 7.261091585E+03 7.261093558E+03 7.285511926E+03 7.333718156E+03 7.385229897E+03
 7.442575050E+03 7.503280278E+03 7.566934973E+03 7.633687344E+03 7.703708896E+03
 7.777182452E+03 7.854343405E+03 7.935474486E+03 8.020885091E+03 8.110880150E+03
 8.205748965E+03 8.305808283E+03 8.411548131E+03 8.523835998E+03 8.644035167E+03
 8.773690467E+03 8.913796608E+03 9.064142562E+03 9.222995368E+03 9.387845128E+03
 9.557317511E+03 9.734018736E+03 9.930435127E+03 1.017896186E+04 1.053897354E+04
 1.132616333E+04 1.370885481E+04 2.009177910E+04 4.048623340E+04 5.767633660E+04
 5.895760320E+04 5.884501520E+04 5.879041574E+04 5.874078966E+04 5.870157711E+04
 5.867307087E+04 5.865219813E+04 5.863478112E+04 5.861356506E+04 5.858261386E+04
 5.854043056E+04 5.849017634E+04 5.843772789E+04 5.838831834E+04 5.834477087E+04
 5.830641177E+04 5.826975234E+04 5.823005794E+04 5.818344275E+04 5.812867092E+04
 5.806722297E+04 5.800282660E+04 5.793932734E+04 5.787799350E+04 5.781766637E+04
 5.775352897E+04 5.767773984E+04 5.758557043E+04 5.748154903E+04 5.737508314E+04
 5.726960510E+04 5.715916144E+04 5.703051085E+04 5.687504446E+04 5.670082781E+04
 5.653062407E+04 5.638219319E+04 5.625101765E+04 5.609634224E+04 5.587065727E+04
 5.557047146E+04 5.523934388E+04 5.491097934E+04 5.458443581E+04 5.422188322E+04
 5.376936159E+04 5.321921015E+04 5.260501817E+04 5.194945184E+04 5.123072712E+04
 5.040763912E+04 4.947139796E+04 4.845302609E+04 4.737548966E+04 4.623181958E+04
 4.501697828E+04 4.375110019E+04 4.245431537E+04 4.112721610E+04 3.977421047E+04
 3.841090954E+04 3.704645703E+04 3.568276791E+04 3.432200025E+04 3.296941976E+04
 3.163086417E+04 3.031033529E+04 2.901046897E+04 2.773577024E+04 2.650695557E+04
 2.539122100E+04 2.449391458E+04 2.384165125E+04 2.329156499E+04 2.256222068E+04
 2.129290067E+04 1.927596911E+04 1.589498257E+04 1.059961235E+04 6.174962995E+03
 4.084966357E+03 3.725931220E+03 4.249897770E+03 4.354228599E+03 4.353286111E+03
 4.351836406E+03 4.350951172E+03 4.350189973E+03 4.349414357E+03 4.348643096E+03
 4.347897728E+03 4.347156290E+03 4.346393135E+03 4.345635298E+03 4.344892024E+03
 4.344159200E+03 4.343433882E+03 4.342679772E+03 4.341923775E+03 4.341200611E+03
 4.340482049E+03 4.339765393E+03 4.339051728E+03 4.338342205E+03 4.337637584E+03
 4.336937074E+03 4.336239438E+03 4.335544379E+03 4.334851858E+03 4.334162097E+03
 4.333475208E+03 4.332791317E+03 4.332110929E+03 4.331434397E+03 4.330762132E+03
 4.330094277E+03 4.329431011E+03 4.328772982E+03 4.328120533E+03 4.327474180E+03
 4.326834495E+03 4.326201657E+03 4.325575970E+03 4.324958335E+03 4.324354370E+03
 4.323754155E+03 4.323157893E+03 4.322576847E+03 4.322007229E+03 4.321449694E+03
 4.320905111E+03 4.320374066E+03 4.319857012E+03 4.319354907E+03 4.318868699E+03
 4.318398922E+03 4.317946408E+03 4.317512402E+03 4.317097996E+03 4.316704098E+03
 4.316331799E+03 4.315982212E+03 4.315656840E+03 4.315356977E+03 4.315083630E+03
 4.314838226E+03 4.314622600E+03 4.314438594E+03 4.314287792E+03 4.314172157E+03
 4.314094426E+03 4.314057940E+03 4.314065561E+03 4.314116046E+03 4.314211622E+03
 4.314358372E+03 4.314559688E+03 4.314819429E+03 4.315143219E+03 4.315541561E+03
 4.316008946E+03 4.316542625E+03 4.317155843E+03 4.317855386E+03 4.318649157E+03
 4.319557688E+03 4.320555675E+03 4.321652693E+03 4.322889612E+03 4.324260364E+03
 4.325772040E+03 4.327436506E+03 4.329268614E+03 4.331280706E+03 4.333488920E+03
 4.335910434E+03 4.338563626E+03 4.341470575E+03 4.344652824E+03 4.348134209E+03
 4.351940329E+03 4.356108382E+03 4.360676459E+03 4.365677599E+03 4.371154358E+03
 4.377155143E+03 4.383732583E+03 4.390944313E+03 4.398856404E+03 4.407542164E+03
 4.417082566E+03 4.427567948E+03 4.439098490E+03 4.451787354E+03 4.465761172E+03
 4.481161078E+03 4.498145908E+03 4.516895445E+03 4.537612015E+03 4.560522428E+03
 4.585880040E+03 4.613966359E+03 4.645094608E+03 4.679616059E+03 4.717928879E+03
 4.760488305E+03 4.807816466E+03 4.860509100E+03 4.919238826E+03 4.984762590E+03
 5.057904282E+03 5.139630805E+03 5.231173785E+03 5.334207532E+03 5.451072713E+03
 5.584797999E+03 5.739136625E+03 5.919691657E+03 6.137396563E+03 6.413429445E+03
 6.796003100E+03 7.538447971E+03 1.027435374E+04 1.247484478E+04 1.246235336E+04
 1.247537459E+04 1.248769240E+04 1.250027724E+04 1.251286968E+04 1.252553629E+04
 1.253827320E+04 1.255109559E+04 1.256401554E+04 1.257704994E+04 1.259021175E+04
 1.260351102E+04 1.261695916E+04 1.263056482E+04 1.264433202E+04 1.265826048E+04
 1.267234550E+04 1.268657797E+04 1.270094512E+04 1.271543139E+04 1.273001979E+04
 1.274469417E+04 1.275944086E+04 1.277425019E+04 1.278911629E+04 1.280403839E+04
 1.281902277E+04 1.283408730E+04 1.284925705E+04 1.286455174E+04 1.287999293E+04
 1.289560536E+04 1.291140748E+04 1.292740959E+04 1.294361232E+04 1.296000731E+04
 1.297657758E+04 1.299330044E+04 1.301015161E+04 1.302710801E+04 1.304415234E+04
 1.306127669E+04 1.307848352E+04 1.309578664E+04 1.311321172E+04 1.313079102E+04
 1.314855761E+04 1.316654099E+04 1.318476205E+04 1.320323149E+04 1.322194295E+04
 1.324087306E+04 1.325998976E+04 1.327925703E+04 1.329864349E+04 1.331812925E+04
 1.333770911E+04 1.335739411E+04 1.337720562E+04 1.339717358E+04 1.341733782E+04
 1.343774555E+04 1.345845413E+04 1.347953268E+04 1.350105520E+04 1.352308627E+04
 1.354566116E+04 1.356876694E+04 1.359233650E+04 1.361625736E+04 1.364039426E+04
 1.366462710E+04 1.368888337E+04 1.371315513E+04 1.373749637E+04 1.376200080E+04
 1.378677205E+04 1.381189549E+04 1.383742455E+04 1.386338414E+04 1.388978121E+04
 1.391661541E+04 1.394388700E+04 1.397159665E+04 1.399974629E+04 1.402833758E+04
 1.405737129E+04 1.408684758E+04 1.411677691E+04 1.414720059E+04 1.417820140E+04
 1.420991986E+04 1.424224294E+04 1.427044995E+04 1.430753586E+04 1.434699515E+04
 1.438066413E+04 1.442040003E+04 1.446254837E+04 1.450745194E+04 1.455515287E+04
 1.460571366E+04 1.465916383E+04 1.471551859E+04 1.477474383E+04 1.483670263E+04
 1.490111566E+04 1.496758180E+04 1.503551398E+04 1.510412145E+04 1.517264274E+04
 1.524032248E+04 1.530627894E+04 1.536939254E+04 1.542814127E+04 1.548073202E+04
 1.552523308E+04 1.555944738E+04 1.558096790E+04 1.558767821E+04 1.557822629E+04
 1.555156608E+04 1.550556258E+04 1.543583127E+04 1.533593115E+04 1.519854276E+04
 1.501662952E+04 1.478480604E+04 1.450123214E+04 1.417040966E+04 1.380462109E+04
 1.342155321E+04 1.303932526E+04 1.267270700E+04 1.233287036E+04 1.202781043E+04
 1.176303104E+04 1.154351975E+04 1.136868124E+04 1.123410879E+04 1.113589706E+04
 1.107044911E+04 1.103595421E+04 1.103220597E+04 1.106046427E+04 1.112133483E+04
 1.121547646E+04 1.134053594E+04 1.148877336E+04 1.165063204E+04 1.182280368E+04
 1.201675962E+04 1.224926328E+04 1.252304234E+04 1.282422588E+04 1.313628326E+04
 1.345715716E+04 1.380276075E+04 1.419030813E+04 1.462046895E+04 1.507731167E+04
 1.554955813E+04 1.603437010E+04 1.653162817E+04 1.704379589E+04 1.757279996E+04
 1.812292752E+04 1.868899895E+04 1.925874369E+04 1.982379223E+04 2.038546963E+04
 2.094365995E+04 2.150374913E+04 2.205964339E+04 2.259717681E+04 2.311638176E+04
 2.361863141E+04 2.411635582E+04 2.461889331E+04 2.512618173E+04 2.563769361E+04
 2.615475700E+04 2.668157092E+04 2.723022207E+04 2.781263989E+04 2.843820134E+04
 2.913211782E+04 2.994118560E+04 3.093489021E+04 3.229028662E+04 3.428045718E+04
 3.665478908E+04 3.905622719E+04 4.157422629E+04 4.425196748E+04 4.705835958E+04
 4.999894465E+04 5.307092459E+04 5.624444029E+04 5.955743520E+04 6.297277383E+04
 6.644387364E+04 7.005948651E+04 7.383524801E+04 7.772922999E+04 8.169589667E+04
 8.577077236E+04 9.002054663E+04 9.437899918E+04 9.874206472E+04 1.031282275E+05
 1.076933255E+05 1.123964299E+05 1.171339797E+05 1.220187211E+05 1.270191225E+05
 1.320208694E+05 1.369008818E+05 1.419573493E+05 1.468512022E+05 1.514787686E+05
 1.566885973E+05 1.623378701E+05 1.670162768E+05 1.717365831E+05 1.769847964E+05
 1.817231581E+05 1.865835842E+05 1.914605494E+05 1.961130104E+05 2.005330460E+05
 2.048118987E+05 2.089777509E+05 2.133005169E+05 2.175704712E+05 2.216949555E+05
 2.256830483E+05 2.293684535E+05 2.330231462E+05 2.366121294E+05 2.401235493E+05
 2.433406890E+05 2.467127791E+05 2.498923221E+05 2.529392762E+05 2.563533930E+05
 2.594833959E+05 2.621269607E+05 2.639009798E+05 2.643673525E+05 2.628157650E+05
 2.585729789E+05 2.517167504E+05 2.441728706E+05 2.406339916E+05
