x ch normalized_heat_flux
0.018014092 -0.0271771606 272773.563965896
0.0180143304 -0.02717818785 272783.874338187
0.0180145688 -0.0271792151 272794.184710477
0.018015366 -0.0275100693 276114.924526361
0.0180164818 -0.0277894847 278919.379914719
0.0180179179 -0.0279353056 280382.964988199
0.0180196725 -0.0279405154 280435.255061267
0.0180217456 -0.0277716033 278739.906669575
0.0180241354 -0.0274345744 275357.19220703
0.0180268455 -0.0269924439 270919.586895789
0.0180298723 -0.0265298374 266276.466682606
0.0180332176 -0.0260813553 261775.111202817
0.0180368777 -0.0256715808 257662.258781165
0.0180408563 -0.0253153574 254086.891662568
0.0180451497 -0.0250070076 250992.025530962
0.0180497598 -0.0247420855 248333.037476473
0.0180546828 -0.024526434 246168.571913076
0.0180599224 -0.0243478641 244376.289461022
0.01806269775 -0.02426852285 243579.951835818
0.0180654731 -0.0241891816 242783.614210613
0.0180713385 -0.0240382608 241268.84211582
0.0180775151 -0.023883827 239718.810504983
0.0180840027 -0.0237395987 238271.210146918
0.0180908013 -0.0236219335 237090.22010785
0.0180979092 -0.0235301107 236168.606817265
0.0181053262 -0.0234603304 235468.231181791
0.0181130506 -0.0233998876 234861.574797971
0.0181210823 -0.0233371221 234231.605781668
0.0181294177 -0.0232687984 233545.849847608
0.0181380603 -0.0231907498 232762.486379368
0.0181470066 -0.02309753 231826.85158468
0.0181562547 -0.0229948163 230795.927772237
0.0181658044 -0.022870712 229550.309338702
0.0181858018 -0.0225723553 226555.74262918
0.0181962494 -0.0224209074 225035.68010145
0.0182069931 -0.0222536735 223357.175581043
0.0182180312 -0.0220721234 221534.981256028
0.0182293635 -0.0218791962 219598.596484104
0.0182409901 -0.0216801949 217601.246774405
0.0182529073 -0.0214752275 215544.016108637
0.0182651132 -0.0212638807 213422.756249401
0.0182776079 -0.0210457444 211233.351077275
0.0182903893 -0.0208203662 208971.259913336
0.0183034558 -0.0205915291 206674.452227892
0.0183168072 -0.0203631725 204382.467257353
0.0183304418 -0.0201336406 202078.685956268
0.0183443557 -0.0199007969 199741.664556909
0.0183585491 -0.0196625106 197350.016501695
0.0183657836 -0.01953947635 196115.138018386
0.0183730181 -0.0194164421 194880.259535077
0.0183877647 -0.0191613901 192320.336367951
0.0184027851 -0.0188975818 189672.527376648
0.0184180792 -0.0186303426 186990.282896134
0.0184336416 -0.0183646139 184323.1991042
0.0184494741 -0.0181025043 181692.439739969
0.018465573 -0.017844962 179107.521761342
0.0184819363 -0.0175832901 176481.155534079
0.0184985641 -0.0173085462 173723.587372934
0.0185154527 -0.0170336105 170964.094140574
0.0185326003 -0.0167728737 168347.113388249
0.0185500029 -0.016526863 165877.936552581
0.0185676627 -0.016294023 163540.952289633
0.0185855739 -0.0160644818 161237.077645678
0.0186037328 -0.0158139858 158722.882447553
0.0186221395 -0.0155801326 156375.728830305
0.01864086 -0.01532233365 153788.234889596
0.0186595805 -0.0150645347 151200.740948887
0.0186786167 -0.0147917978 148463.31678111
0.0186978914 -0.0145132076 145667.143815934
0.0187174026 -0.0142356902 142881.738402369
0.0187371485 -0.0139626367 140141.136562295
0.0187571254 -0.0136926714 137431.530576888
0.0187773295 -0.0134246452 134741.387081536
0.018797759 -0.0131588019 132073.15306457
0.0188184138 -0.0128937718 129413.081028375
0.0188392866 -0.0126295332 126760.953172923
0.0188603774 -0.0123656401 124112.293055243
0.0188816823 -0.0121027576 121473.776196007
0.0189031977 -0.0118433833 118870.47067585
0.0189249236 -0.0115878731 116305.948615969
0.0189468563 -0.0113332998 113750.830097386
0.0189579232 -0.01120505205 112463.624404599
0.0189689901 -0.0110768043 111176.418711812
0.0189913251 -0.0108205955 108604.884896192
0.0190138556 -0.0105688265 106077.912765552
0.0190365836 -0.0103255389 103636.067324174
0.0190594997 -0.0100939618 101311.758621377
0.0190826058 -0.00986877363 99051.5747633972
0.0191058982 -0.00964395516 96795.101535386
0.0191293713 -0.00942005496 94547.8448618292
0.019153025 -0.00919769146 92316.0118427856
0.0191768538 -0.00897942856 90125.3360032156
0.0192008559 -0.00876801554 88003.4115026042
0.0192250274 -0.00856000744 85915.6617333816
0.0192493685 -0.00835207757 83828.6971483151
0.0192738716 -0.00814689044 81769.2610816189
0.0192985348 -0.00795055553 79798.6735754457
0.0193233564 -0.00775763858 77862.3916814155
0.01934840715 -0.007567577065 75954.7694105552
0.0193734579 -0.00737751555 74047.1471396948
0.0193987321 -0.00719378516 72203.0695325167
0.0194241516 -0.00701253675 70383.9032301013
0.0194497108 -0.0068345191 68597.1636382054
0.0194754098 -0.00665789284 66824.389243585
0.0195012428 -0.0064818291 65057.2607877534
0.0195272081 -0.00630788319 63311.3887113308
0.0195533 -0.00613740273 61600.2988978959
0.0195795167 -0.00597011345 59921.238535759
0.0196058564 -0.00580568658 58270.9078039438
0.0196323115 -0.00564398989 56647.9795274413
0.019658884 -0.0054849023 55051.2384423169
0.0196855664 -0.00532940496 53490.5322212624
0.0197123569 -0.00517860707 51976.9937578721
0.0197392516 -0.00503238849 50509.4172228667
0.01975274925 -0.0049615188 49798.1075241464
0.0197662469 -0.00489064911 49086.7978254262
0.0197933391 -0.00475244643 47699.6758177931
0.0198205281 -0.00461665262 46336.7313195291
0.0198478047 -0.00448263763 44991.6406021731
0.0198751707 -0.00434969226 43657.2855191897
0.0199026205 -0.00421817228 42337.2368869818
0.0199301504 -0.00408848654 41035.598278887
0.0199577566 -0.00396089954 39755.0244463978
0.0199854374 -0.00383561524 38497.5625090395
0.0200131871 -0.00371330185 37269.9192021427
0.0200410057 -0.00359478802 36080.411576083
0.0200688876 -0.00348070241 34935.3494080755
0.0200968292 -0.00337189343 33843.2480770007
0.0201248303 -0.00326684839 32788.9249135375
0.0201528836 -0.00316489348 31765.6169758966
0.0201809853 -0.0030561185 30673.8568983218
0.0202114256 -0.002953070915 29639.5819263246
0.0202418659 -0.00285002333 28605.3069543273
0.0202760268 -0.00278381864 27940.8192431808
0.0203116387 -0.00273221219 27422.8521347946
0.0203487631 -0.00268819928 26981.1003823613
0.0203874651 -0.00264694076 26566.9940778065
0.0204278119 -0.00260461099 26142.1357787848
0.0204698704 -0.0025622074 25716.5365581934
0.0205137152 -0.00252127624 25305.7159226315
0.0205594227 -0.00248504383 24942.0560189264
0.0206070691 -0.00245664921 24657.062976097
0.0206567384 -0.00243446557 24434.4087174864
0.0207085144 -0.00241757999 24264.930385882
0.0207624882 -0.00239998102 24088.2918532669
0.0208187513 -0.00237631565 23850.7656667575
0.0208774004 -0.00234752521 23561.799830976
0.02090796735 -0.002330106335 23386.9688880398
0.0209385343 -0.00231268746 23212.1379451036
0.021002261 -0.00227803248 22864.3104975311
0.0210686885 -0.00224953168 22578.2517400949
0.0211379286 -0.00222739414 22356.0601810828
0.0212101042 -0.00221347203 22216.3258056446
0.0212853327 -0.00220228196 22104.0125540929
0.0213637482 -0.00218822854 21962.9602375639
0.0214454811 -0.0021712468 21792.5167607667
0.0215306729 -0.00215032464 21582.5238099554
0.0216194671 -0.002127263 21351.0571815506
0.0217120145 -0.00210549869 21132.6116826504
0.0218084734 -0.00208199793 20896.7376649244
0.0219090097 -0.00205751695 20651.0253087933
0.022013789 -0.00203355053 20410.4775232787
0.0221229922 -0.0020054481 20128.4171528071
0.0222368054 -0.00197688839 19841.7671234979
0.0223579174 -0.00195742381 19646.4037102317
0.0224790294 -0.00193795923 19451.0402969655
0.0226078518 -0.00191794336 19250.1436589342
0.0227421001 -0.0018974035 19043.9878026244
0.0228819996 -0.00187465083 18815.6222652165
0.0230277851 -0.00184977718 18565.9687322665
0.0231797025 -0.00182124763 18279.6214148855
0.0233380031 -0.00179042935 17970.3024174145
0.0235029534 -0.00175787741 17643.5829039785
0.0236748271 -0.0017262263 17325.904902025
0.0238539111 -0.00169854041 17048.0252884032
0.0240405016 -0.00167339435 16795.6376123374
0.0242349096 -0.00164994737 16560.3033773534
0.0244374536 -0.00162560784 16316.0107361511
0.0246484708 -0.00159790379 16037.9488530127
0.0248683058 -0.00156841823 15742.0061897924
0.02498281285 -0.001553388545 15591.15523067
0.0250973199 -0.00153835886 15440.3042715475
0.0253358893 -0.00150946504 15150.3008243887
0.0255844016 -0.00148336648 14888.3530318891
0.0258432645 -0.0014592571 14646.3703757757
0.0261128936 -0.0014363724 14416.6796707323
0.0263937302 -0.00141332182 14185.3240500837
0.0266862232 -0.00138884876 13939.6911859444
0.0269908458 -0.00136265939 13676.8319454937
0.0273080822 -0.00133474031 13396.6118347052
0.0276384428 -0.00130761415 13124.3501570115
0.027982451 -0.00128341885 12881.5051332298
0.0283406526 -0.00126254407 12671.9877292077
0.0287136119 -0.00124353473 12481.1934995692
0.0291019138 -0.00122521806 12297.3515070438
0.0295061674 -0.00120867626 12131.3236497992
0.0299269985 -0.00118767121 11920.4987430287
0.03037401475 -0.00116821425 11725.2118106939
0.030821031 -0.00114875729 11529.9248783592
0.031295605 -0.0011251613 11293.0950497272
0.0317895077 -0.00110663043 11107.1031601518
0.0323034823 -0.00108872459 10927.3846139618
0.0328383073 -0.00106942328 10733.6599200764
0.0333947837 -0.00104786165 10517.2486935108
0.0339737311 -0.00102502177 10288.0078408754
0.03457601 -0.00100307597 10067.7407508659
0.0352025032 -0.000985426479 9890.59514566044
0.0358541161 -0.000973268645 9768.56857492716
0.0365317874 -0.000962985563 9665.35864188899
0.0372364931 -0.000951897586 9554.07008426601
0.0379692279 -0.000938433455 9418.93238343594
0.0387310162 -0.000922320061 9257.20438051253
0.0395229235 -0.000905213645 9085.50954720448
0.0399344824 -0.00089687921 9001.85792619621
0.0403460413 -0.000888544775 8918.20630518794
0.0412014835 -0.000877282 8805.16332317399
0.0420904085 -0.000872436038 8756.52504395716
0.0430139974 -0.00086923124 8724.35891059551
0.0439734645 -0.000865580514 8687.71705691772
0.0449700616 -0.000858638203 8618.03800024578
0.0460050628 -0.000847662333 8507.87464574412
0.0470797792 -0.000834875274 8379.5326269656
0.0481955446 -0.000823254464 8262.89609504362
0.0493537337 -0.000817663618 8206.78151370636
0.0505557396 -0.000817778462 8207.93418773443
0.0518029928 -0.000818988774 8220.08192909011
0.0530969501 -0.000819593552 8226.15200583198
0.0544390865 -0.000817561639 8205.75796398058
0.0558309145 -0.000812459737 8154.55084885816
0.0572739579 -0.000806472555 8094.45829554512
0.05879694785 -0.0008040256215 8069.89874786439
0.0603199378 -0.000801578688 8045.33920018366
0.0619260333 -0.000799153524 8020.99815009318
0.0635896698 -0.000797628774 8005.69443614828
0.0653124675 -0.000797038898 7999.77392880808
0.0670960546 -0.000797454792 8003.9482018413
0.0689420775 -0.000799047644 8019.93544654671
0.0708521679 -0.00080157601 8045.3123214521
0.0728279725 -0.000804619689 8075.86132473533
0.0748711303 -0.000807809178 8107.87380369018
0.076983273 -0.000811080157 8140.70418698959
0.0791660175 -0.000814646191 8176.49599827261
0.0814209655 -0.000818555942 8215.73765159269
0.0837496966 -0.000822711969 8257.45114452942
0.086153768 -0.000826954143 8300.02928350334
0.0886346921 -0.000831141311 8342.05533453547
0.0899143219 -0.0008332358845 8363.07829153207
0.0911939517 -0.000835330458 8384.10124852867
0.0938329771 -0.000839584856 8426.80207817271
0.0965531468 -0.000843986985 8470.98566431113
0.099355787 -0.000848669617 8517.98462193515
0.102242149 -0.00085371919 8568.66651781047
0.105213411 -0.000859211897 8623.79609099371
0.108270667 -0.000865036331 8682.25516417092
0.111414939 -0.000870925898 8741.36796864859
0.11464712 -0.000876684207 8799.16335395263
0.11796803 -0.000882243388 8854.96011787585
0.121378347 -0.000887693779 8909.66497096773
0.124878652 -0.000893196964 8964.89971045018
0.128469378 -0.000898877857 9021.91808160846
0.132150814 -0.00090499199 9083.28482530616
0.135923132 -0.000911731157 9150.9249525368
0.139786303 -0.000918175676 9215.60773678895
0.14378538 -0.0009247620765 9281.71456687817
0.147784457 -0.000931348477 9347.8213969674
0.151918575 -0.000937599281 9410.5598894033
0.156141862 -0.00094462058 9481.03173817694
0.160453424 -0.000951636059 9551.44517238087
0.164852217 -0.000958582677 9621.16745784176
0.16933693 -0.000965425046 9689.84340988731
0.173906118 -0.000972149952 9757.34040134843
0.178558066 -0.000978764729 9823.73204261244
0.183290899 -0.000985222752 9888.5503647253
0.188102499 -0.00099151209 9951.67561781911
0.192990586 -0.000997597119 10012.7502485208
0.197952598 -0.00100341137 10071.1071162748
0.202985853 -0.00100895367 10126.7344478352
0.20808737 -0.00101423217 10179.7140537104
0.213254049 -0.00101924525 10230.0296741747
0.215868294 -0.00102162338 10253.8986502322
0.218482539 -0.00102400151 10277.7676262898
0.223769337 -0.00102849223 10322.84038857
0.229110733 -0.00103270391 10365.1124633018
0.234502852 -0.0010366413 10404.6315256068
0.239941671 -0.00104029942 10441.347591884
0.245422989 -0.00104367931 10475.2711004757
0.250942498 -0.00104678352 10506.4276453945
0.256495684 -0.00104960194 10534.7157539084
0.262078047 -0.0010521377 10560.1668414132
0.267684907 -0.00105440395 10582.9128927184
0.273311466 -0.00105642353 10603.1831498811
0.278952956 -0.00105820282 10621.0416481169
0.28460446 -0.00105972891 10636.3588114644
0.29026112 -0.00106116023 10650.7247808651
0.295917958 -0.00106277713 10666.9533921637
0.301570088 -0.00106363022 10675.5157435847
0.3072053345 -0.001064365265 10682.8932929644
0.312840581 -0.00106510031 10690.270842344
0.318449229 -0.00106522837 10691.5561636149
0.324033797 -0.00106586714 10697.9674135618
0.329589576 -0.00106631732 10702.4858106392
0.335112035 -0.00106657122 10705.0341713348
0.340596676 -0.00106674701 10706.7985522985
0.346039146 -0.00106686889 10708.0218457273
0.351435304 -0.0010669413 10708.7486153136
0.356781036 -0.00106696947 10709.0313538753
0.362072468 -0.00106693653 10708.700739455
0.367305905 -0.00106682361 10707.5673763602
0.372477829 -0.0010666172 10705.4956665092
0.377584845 -0.00106631359 10702.4483731229
0.382623851 -0.00106593128 10698.6111782527
0.387591869 -0.00106548984 10694.1805033986
0.390039012 -0.00106524886 10691.761819033
0.392486155 -0.00106500788 10689.3431346674
0.397304147 -0.00106450135 10684.2591600981
0.402043581 -0.0010639769 10678.9953248606
0.40670228 -0.0010634379 10673.5854531988
0.411278367 -0.0010628876 10668.0621649326
0.415770113 -0.00106232776 10662.4431249491
0.420176059 -0.00106176303 10656.7750046827
0.424494863 -0.00106120121 10651.1360917013
0.428725481 -0.00106064591 10645.5626190968
0.432866991 -0.00106011028 10640.186571679
0.436918706 -0.00105960784 10635.1436478984
0.44088006 -0.00105910865 10630.1333439377
0.444750726 -0.00105854822 10624.5083822022
0.448530555 -0.00105809746 10619.9841637416
0.452219486 -0.00105798512 10618.8566220301
0.455817699 -0.00105770701 10616.0652687688
0.4592868835 -0.001056616195 10605.1169029863
0.462756068 -0.00105552538 10594.1685372039
0.466186643 -0.00105530862 10591.9929457727
0.469617248 -0.00105488766 10587.767825968
0.473047853 -0.00105439837 10582.8568869969
0.476478428 -0.00105387357 10577.5895388557
0.479909033 -0.00105333596 10572.19361844
0.483339638 -0.00105279393 10566.7533350692
0.486770242 -0.00105224818 10561.2757145508
0.490200818 -0.00105169974 10555.7710948585
0.493631423 -0.0010511484 10550.2373682499
0.497062027 -0.00105059287 10544.6615871659
0.500492632 -0.00105003244 10539.0366254305
0.503923237 -0.0010494648 10533.3392978793
0.507353783 -0.00104888866 10527.5566569531
0.510784388 -0.00104830437 10521.6922155556
0.5124996905 -0.001048009785 10518.7355048997
0.514214993 -0.0010477152 10515.7787942439
0.517645597 -0.0010471259 10509.8640681395
0.521076202 -0.00104654324 10504.0159868362
0.524506807 -0.00104597362 10498.2987862871
0.527937412 -0.00104542042 10492.7463911047
0.531368017 -0.00104488758 10487.3983465477
0.534798563 -0.00104437245 10482.2280549166
0.538229167 -0.00104387139 10477.1989820134
0.541659772 -0.00104337779 10472.2447841428
0.545090377 -0.0010428807 10467.2555576041
0.548520982 -0.0010423694 10462.1237071761
0.551951587 -0.00104183925 10456.802661793
0.555382192 -0.00104129384 10451.3284538096
0.558812737 -0.00104072329 10445.6019189736
0.562243342 -0.0010400936 10439.2818037849
0.565673947 -0.00103950698 10433.3939764857
0.569104552 -0.00103891245 10427.4267575635
0.572535157 -0.00103831792 10421.4595386413
0.575965762 -0.00103770604 10415.3181800654
0.579396367 -0.00103705388 10408.7725364607
0.582826912 -0.0010364058 10402.2678432759
0.586257517 -0.00103577028 10395.8892131489
0.589688122 -0.00103513896 10389.5527378659
0.593118727 -0.0010345123 10383.2630343862
0.596549332 -0.00103389181 10377.0352583798
0.599979937 -0.00103327795 10370.874026806
0.603410542 -0.00103267108 10364.782952937
0.606841087 -0.00103207165 10358.7665533633
0.610271692 -0.00103147898 10352.8180030149
0.613702297 -0.00103089307 10346.9373018918
0.617132902 -0.00103031239 10341.1090935865
0.620563507 -0.00102973485 10335.3124010456
0.6222788095 -0.001029446545 10332.4187219186
0.623994112 -0.00102915824 10329.5250427916
0.627424717 -0.00102858013 10323.7226292361
0.630855262 -0.00102799945 10317.8944209308
0.634285867 -0.00102741527 10312.0310835887
0.637716472 -0.00102682773 10306.1340223714
0.641147077 -0.00102623564 10300.1912934062
0.644577682 -0.00102563913 10294.204201486
0.648008287 -0.00102503924 10288.1831849532
0.651438892 -0.0010244383 10282.1516297094
0.654869437 -0.00102384004 10276.1469732708
0.658300042 -0.00102324737 10270.1984229224
0.661730647 -0.00102266809 10264.3842662318
0.665161252 -0.00102211302 10258.813102107
0.668591857 -0.00102157472 10253.4102562525
0.672022462 -0.00102102 10247.8426050313
0.675453067 -0.00102053827 10243.0075447797
0.678883642 -0.001020064925 10238.2566436633
0.682314217 -0.00101959158 10233.5057425469
0.685744822 -0.00101911637 10228.7361226723
0.689175427 -0.00101858296 10223.3823571007
0.692606032 -0.0010180244 10217.7761643077
0.696036637 -0.00101744442 10211.9549818098
0.699467242 -0.00101683696 10205.8579861889
0.702897787 -0.00101620785 10199.5436923834
0.706328392 -0.00101556617 10193.1032351516
0.709758997 -0.00101492042 10186.6219278685
0.713189602 -0.00101427664 10180.1603932147
0.716620207 -0.00101363868 10173.7572731305
0.720050812 -0.0010130062 10167.4091550811
0.723481417 -0.00101237488 10161.0726797981
0.726911962 -0.00101174053 10154.7057928062
0.730342567 -0.0010111013 10148.2899259002
0.7320578695 -0.001010780925 10145.0743644277
0.733773172 -0.00101046055 10141.8588029553
0.737203777 -0.0010098276 10135.5059675781
0.740634382 -0.00100921642 10129.3716348095
0.744064987 -0.00100864191 10123.6053539776
0.747495592 -0.00100811652 10118.3320840845
0.750926197 -0.00100764877 10113.6373392425
0.754356742 -0.00100723654 10109.4998412924
0.757787347 -0.0010068703 10105.8239388853
0.761217952 -0.00100653048 10102.4132105215
0.764648557 -0.00100619334 10099.0293809629
0.768079162 -0.0010058356 10095.4387919309
0.771509767 -0.00100543723 10091.4404049663
0.774940372 -0.00100498903 10086.9418808869
0.778370917 -0.00100448041 10081.8369292642
0.781801522 -0.00100389635 10075.9747963463
0.785232127 -0.00100330333 10070.0227330942
0.788662732 -0.00100268697 10063.8364093512
0.792093337 -0.00100207061 10057.6500856083
0.795523942 -0.00100144313 10051.3521518971
0.798954546 -0.00100080459 10044.9432104297
0.802385092 -0.00100018352 10038.7096130401
0.805815697 -0.000999580836 10032.6605534991
0.809246302 -0.000998984207 10026.6722671917
0.812676907 -0.000998388394 10020.6921709683
0.816107512 -0.000997791416 10014.700381794
0.819538116 -0.000997195486 10008.7191112571
0.822968721 -0.000996608171 10002.824308335
0.826399267 -0.000996038783 9997.10943633912
0.829829872 -0.000995500013 9991.7018731569
0.833260477 -0.000995005365 9986.737156649
0.836691082 -0.000994563103 9982.29823148966
0.840121686 -0.000994177302 9978.42599791455
0.8418369885 -0.000994009897 9976.74577608609
0.843552291 -0.000993842492 9975.06555425762
0.846982896 -0.000993546913 9972.09886695537
0.850413442 -0.000993271708 9969.33667079455
0.853844047 -0.00099299592 9966.5686231399
0.857274652 -0.000992697896 9963.57739569624
0.860705256 -0.000992359128 9960.17722611717
0.864135861 -0.000991969253 9956.26410234326
0.867566466 -0.000991523266 9951.78778985194
0.870997071 -0.000991024659 9946.78333738502
0.874427617 -0.000990481349 9941.33020682368
0.877858222 -0.000989905442 9935.54990448765
0.881288826 -0.000989311258 9929.58615832163
0.884719431 -0.000988713815 9923.58970200395
0.888150036 -0.000988119747 9917.62712011458
0.891580641 -0.000987518812 9911.59561505508
0.895011246 -0.000986959669 9905.98357076828
0.898441821 -0.0009864160675 9900.52751446002
0.901872396 -0.000985872466 9895.07145815176
0.905303001 -0.000985332648 9889.65337633225
0.908733606 -0.000984772458 9884.03082344502
0.912164211 -0.000984212267 9878.40826052093
0.915594816 -0.000983654289 9872.80790918494
0.919025421 -0.000983097125 9867.21572785922
0.922455966 -0.000982547062 9861.69481833066
0.925886571 -0.000982014113 9856.34567975501
0.929317176 -0.000981509802 9851.28397699504
0.932747781 -0.000981044606 9846.61486631309
0.936178386 -0.000980627723 9842.43066681776
0.939608991 -0.000980263227 9838.77226870787
0.943039596 -0.000979950419 9835.63265621292
0.946470201 -0.000979681849 9832.93705466894
0.949900746 -0.000979445991 9830.56977913943
0.9516160485 -0.0009793356875 9829.46267750892
0.953331351 -0.000979225384 9828.35557587841
0.956761956 -0.000979001052 9826.10398528541
0.960192561 -0.000978755299 9823.63739495053
0.963623166 -0.00097847241 9820.79807549871
0.967053771 -0.000978142023 9817.48202490739
0.970484376 -0.000977758202 9813.62966433022
0.973914921 -0.000977322576 9809.25734382459
0.977345526 -0.000976840849 9804.42231368356
0.980776131 -0.000976323499 9799.22974020634
0.984206736 -0.000975782517 9793.79997547288
0.987637341 -0.000975229254 9788.24694796785
0.991067946 -0.000974674884 9782.68280965033
0.994498551 -0.000974128954 9777.20338249576
0.997929096 -0.000973595714 9771.85132319162
1.0013597 -0.000973063929 9766.51386752991
1.00479031 -0.000972573238 9761.5888669073
1.008220915 -0.0009720962555 9756.80145668482
1.01165152 -0.000971619273 9752.01404646234
1.01508212 -0.000971151516 9747.31923136234
1.01851273 -0.000970664492 9742.43103593338
1.02194333 -0.000970176654 9737.53467049416
1.02537394 -0.000969688175 9732.63187142278
1.02880454 -0.000969193468 9727.66656273969
1.03223503 -0.000968693523 9722.64868094387
1.03566563 -0.000968192995 9717.62494765421
1.03909624 -0.000967698114 9712.65789255615
1.04252684 -0.000967216678 9707.8257831436
1.04595745 -0.000966756954 9703.21159420141
1.04938805 -0.000966327556 9698.90178330749
1.05281866 -0.000965936517 9694.97697661964
1.05624926 -0.00096558861 9691.48508010714
1.05967987 -0.000965286163 9688.44945959788
1.06139517 -0.0009651563015 9687.14605690993
1.06311047 -0.00096502644 9685.84265422198
1.06654108 -0.000964803738 9683.60742372324
1.06997168 -0.000964608043 9681.64325890904
1.07340229 -0.000964425388 9679.80997484896
1.07683289 -0.000964239647 9677.94571701532
1.0802635 -0.000964039005 9675.93189981687
1.08369398 -0.000963814382 9673.67738849538
1.08712459 -0.000963543192 9670.95549035817
1.09055519 -0.000963207916 9667.59036952092
1.0939858 -0.000962850347 9664.00149679322
1.0974164 -0.000962513092 9660.6165129949
1.10084701 -0.000962053542 9656.00407046768
1.10427761 -0.000961293059 9648.37120324882
1.10770822 -0.00096092507 9644.67774636023
1.11113882 -0.000961526006 9650.7092614566
1.11456943 -0.00097026478 9738.41917949243
1.11838061 -0.0007997448555 8026.93326609423
1.12219179 -0.000629224931 6315.44735269604
1.12634969 -0.000564885791 5669.68391998847
1.13047385 -0.000543902977 5459.08219300698
1.13456452 -0.000530694961 5326.51508453434
1.13862228 -0.000520002039 5219.19164165968
1.14264703 -0.000510133803 5120.14546301744
1.14663935 -0.000500685244 5025.31152687872
1.15059936 -0.000492196064 4940.1067507864
1.15452731 -0.00048456635 4863.52832118326
1.15842354 -0.000477519585 4792.80087353811
1.16228831 -0.000470954343 4726.906408513
1.16612196 -0.000464866724 4665.80578232409
1.1699245 -0.00045919331 4608.86247689895
1.1736964 -0.000453875546 4555.48878345249
1.1774379 -0.000448874314 4505.2920797961
1.17929357 -0.000446516642 4481.62843797685
1.18114924 -0.00044415897 4457.96479615761
1.18483067 -0.000439701951 4413.23028635404
1.1884824 -0.000435482885 4370.88407931771
1.1921047 -0.000431481079 4330.71848214638
1.1956979 -0.000427679159 4292.55911430155
1.19926202 -0.000424060156 4256.23566017613
1.20279765 -0.000420609984 4221.60674045244
1.20630467 -0.00041731674 4188.55288629487
1.20978367 -0.000414170063 4156.97010571773
1.21323454 -0.000411159446 4126.75294135265
1.21665788 -0.00040828035 4097.85583585739
1.22005355 -0.000405526749 4070.21830706749
1.22342205 -0.000402873935 4043.59236405715
1.22676349 -0.000400318037 4017.93915411169
1.23007822 -0.000397933385 3994.00471760332
1.23336637 -0.00039563785 3970.96473662906
1.23661506 -0.00039342705 3948.77522963487
1.23986375 -0.00039121625 3926.58572264069
1.24307346 -0.000389135763 3905.7041499802
1.24625754 -0.000387121807 3885.49034016113
1.24941611 -0.000385236024 3866.562985779
1.25254953 -0.000383424282 3848.37877111433
1.25565791 -0.000381668069 3830.75189367323
1.25874138 -0.000379978999 3813.79892163656
1.26180029 -0.000378349709 3797.44595354783
1.26483476 -0.00037677685 3781.6593759373
1.26784515 -0.000375261239 3766.44738892583
1.27083147 -0.000373799092 3751.77201300624
1.27379405 -0.0003723884 3737.61308411143
1.27673304 -0.00037102733 3723.95220466301
1.27964866 -0.000369712827 3710.75871203031
1.28254116 -0.000368442677 3698.01038458835
1.2839759 -0.0003678289645 3691.85063345249
1.28541064 -0.000367215252 3685.69088231663
1.28825736 -0.000366028893 3673.78355405169
1.29108143 -0.000364882057 3662.27291290677
1.2938832 -0.000363773084 3651.14229768158
1.29666269 -0.000362700695 3640.37887122238
1.29942024 -0.000361663871 3629.97240596106
1.30215597 -0.000360661186 3619.90858932434
1.30487001 -0.000359691592 3610.17690267492
1.30756259 -0.000358754944 3600.77589066701
1.31023395 -0.000357848505 3591.67808239385
1.31288421 -0.000356970006 3582.86070420275
1.31551361 -0.000356129138 3574.42102337808
1.31812239 -0.000355323195 3566.33188015598
1.32071042 -0.000354506919 3558.13902598049
1.32327819 -0.000353686279 3549.90237091458
1.32582581 -0.000353019539 3543.21038977956
1.32834345 -0.0003523141205 3536.13019765925
1.33086109 -0.000351608702 3529.05000553894
1.33334923 -0.000351025345 3523.19492853894
1.33581781 -0.000350326067 3516.17636780442
1.33826709 -0.000349695241 3509.84485073407
1.34069717 -0.000349108275 3503.95355067873
1.3431083 -0.000348541391 3498.26381099948
1.34550059 -0.000347997848 3492.80834184798
1.34787416 -0.000347472698 3487.53748080311
1.35022926 -0.000346965971 3482.4515289709
1.352566 -0.000346478744 3477.56129605781
1.35488462 -0.000346009649 3472.8530516289
1.35718524 -0.000345558277 3468.3226906053
1.35946798 -0.000345124252 3463.96643912477
1.36173296 -0.000344706699 3459.77551492813
1.36398041 -0.000344304921 3455.74292231861
1.365095435 -0.000344111686 3453.80344819883
1.36621046 -0.000343918451 3451.86397407904
1.36842322 -0.000343546679 3448.13254772015
1.37061894 -0.00034318908 3444.54337388642
1.37279773 -0.000342845015 3441.09003901942
1.37495971 -0.000342513958 3437.76726372678
1.37710512 -0.000342195475 3434.57069200793
1.37923396 -0.000341888983 3431.49447236904
1.38134646 -0.000341593986 3428.53362652375
1.38344264 -0.000341310748 3425.69080420512
1.38552296 -0.000341037754 3422.95079955868
1.38758719 -0.00034077256 3420.28908247987
1.38963568 -0.000340523577 3417.7900730625
1.39166856 -0.00034029549 3415.50079403148
1.39368594 -0.000340036931 3412.90567156951
1.39568794 -0.000339717371 3409.69829014421
1.3976748 -0.000339581311 3408.33267393214
1.39963901 -0.000339375096 3406.2629212703
1.40160322 -0.000339168881 3404.19316860846
1.40354514 -0.000339085673 3403.35802092528
1.4054724 -0.000338828657 3400.77838535009
1.40738499 -0.000338615791 3398.64187748153
1.40928328 -0.000338441576 3396.89330458439
1.41116726 -0.000338276208 3395.23352785533
1.41303706 -0.000338118844 3393.65408621491
1.41489279 -0.000337966369 3392.12371482042
1.41673458 -0.000337818783 3390.64241367186
1.41856265 -0.000337677018 3389.21953712987
1.42037714 -0.000337540288 3387.84719621648
1.42217791 -0.000337408273 3386.52217913405
1.42396545 -0.000337281032 3385.24507805776
1.42573953 -0.000337158504 3384.0152807387
1.42750061 -0.000337040488 3382.83076976646
1.42837459 -0.0003369837065 3382.26086136616
1.42924857 -0.000336926925 3381.69095296586
1.43098354 -0.000336817611 3380.59378281588
1.43270576 -0.000336712372 3379.53751290157
1.43441534 -0.000336610887 3378.51892138841
1.43611228 -0.000336512981 3377.53625182455
1.43779671 -0.00033641851 3376.58805890106
1.43946886 -0.000336327415 3375.67375044275
1.44112885 -0.000336239667 3374.79303538045
1.44277668 -0.00033615547 3373.94796123517
1.44441247 -0.000336074067 3373.1309300981
1.44603634 -0.000335993653 3372.32382542312
1.44764853 -0.000335920107 3371.58565395515
1.44924903 -0.000335859571 3370.97806213527
1.45083785 -0.000335767691 3370.05587473585
1.45241535 -0.000335606834 3368.44137431674
1.45398152 -0.000335616205 3368.53542980346
1.455530825 -0.000335554243 3367.91352541031
1.45708013 -0.000335492281 3367.29162101717
1.45861292 -0.000335538556 3367.75607706754
1.46013474 -0.00033541536 3366.51957512088
1.46164584 -0.000335323915 3365.6017537589
1.46314609 -0.000335266435 3365.02483460654
1.46463585 -0.000335214601 3364.50458360892
1.466115 -0.000335166318 3364.01997352832
1.46758378 -0.000335119432 3363.54938495182
1.4690423 -0.000335073943 3363.09281787942
1.47049057 -0.000335030316 3362.65493945458
1.47192883 -0.000334987941 3362.22962718803
1.47335696 -0.000334946613 3361.81482352191
1.47477531 -0.000334906508 3361.41229494493
1.47618377 -0.000334867742 3361.02320573372
1.47758257 -0.000334830402 3360.64842909578
1.478277145 -0.0003348124595 3360.46834259802
1.47897172 -0.000334794517 3360.28825610026
1.48035133 -0.000334760145 3359.9432688855
1.48172152 -0.000334727258 3359.61318641919
1.48308241 -0.000334695767 3359.29711542011
1.48443401 -0.000334665587 3358.99420275452
1.48577642 -0.000334636716 3358.70442834868
1.4871099 -0.000334609096 3358.42721006427
1.48843431 -0.000334582961 3358.16489652832
1.48974991 -0.000334558514 3357.91952522495
1.49105668 -0.000334535172 3357.68524466033
1.49235487 -0.000334511424 3357.44688912744
1.49364436 -0.000334491517 3357.24708520319
1.49492526 -0.000334480952 3357.1410456965
1.49619782 -0.000334444223 3356.77240158469
1.49746203 -0.000334344659 3355.77309089428
1.49871802 -0.000334395911 3356.28750043493
1.49996179 -0.000334381068 3356.13852320844
1.50120556 -0.000334366225 3355.98954598196
1.50243723 -0.000334446464 3356.79489420509
1.50366104 -0.000334377197 3356.09967049378
1.50487697 -0.000334332028 3355.64631521903
1.50608516 -0.000334316806 3355.4935340197
1.50728571 -0.000334306358 3355.38866882653
1.50847876 -0.000334298209 3355.30687839207
1.50966418 -0.000334291137 3355.23589766407
1.5108422 -0.000334285229 3355.17659985001
1.51201296 -0.000334280572 3355.12985815738
1.51317632 -0.000334276672 3355.09071437356
1.51433265 -0.000334273325 3355.05712097754
1.51548183 -0.00033427059 3355.02967014453
1.51662397 -0.000334268494 3355.00863286994
1.5177592 -0.000334266952 3354.99315602003
1.51832336 -0.0003342664425 3354.98804223596
1.51888752 -0.000334265933 3354.98292845189
1.52000904 -0.000334265467 3354.97825127157
1.52112389 -0.000334265467 3354.97825127157
1.52223206 -0.00033426602 3354.98380165938
1.52333367 -0.000334267126 3354.994902435
1.52442884 -0.000334268931 3355.0130189811
1.52551758 -0.000334271637 3355.04017874495
1.5266 -0.000334275421 3355.07815825213
1.52767622 -0.000334280514 3355.12927601906
1.52874613 -0.000334286247 3355.18681738128
1.52981007 -0.000334291399 3355.23852732339
1.53086782 -0.000334299082 3355.31564057753
1.53191972 -0.000334313896 3355.46432673485
1.53296566 -0.000334306853 3355.39363707601
1.53400576 -0.00033424198 3354.74251536114
1.53504014 -0.000334312324 3355.44854877891
1.536066055 -0.000334323238 3355.55809115241
1.53709197 -0.000334334152 3355.66763352591
1.53810954 -0.000334426557 3356.59509028084
1.53912163 -0.000334387645 3356.20453568696
1.54012823 -0.000334367389 3356.0012288959
1.54112959 -0.000334373995 3356.06753244357
1.5421257 -0.000334384444 3356.17240767362
1.54311657 -0.000334396202 3356.29042116341
1.54410231 -0.000334408804 3356.4169057695
1.54508305 -0.000334422395 3356.55331683769
1.54605865 -0.000334436801 3356.69790795302
1.5470295 -0.000334451586 3356.84630304118
1.54799533 -0.000334466749 3356.99849206531
1.54895651 -0.00033448232 3357.15477613144
1.54991281 -0.000334498269 3357.31485413355
1.55086458 -0.000334514596 3357.47872607162
1.55133814 -0.0003345228905 3357.56197687032
1.5518117 -0.000334531185 3357.64522766902
1.55275428 -0.000334547978 3357.81377678742
1.55369246 -0.000334564887 3357.98349018246
1.55462611 -0.000334581884 3358.15408682186
1.55555546 -0.000334598881 3358.32468346126
1.55648065 -0.000334616052 3358.49702651562
1.55740154 -0.000334633456 3358.67170816016
1.55831826 -0.000334651355 3358.85135805417
1.5592308 -0.000334669923 3359.03772261264
1.56013954 -0.000334688695 3359.22613469211
1.5610441 -0.000334706769 3359.40754103797
1.56194496 -0.000334726443 3359.60500637205
1.56284177 -0.000334751676 3359.85826665339
1.56373501 -0.000334758282 3359.92457020107
1.56462443 -0.000334709213 3359.43207114249
1.56551015 -0.000334787037 3360.21318033026
1.56639057 -0.0003348116735 3360.46045362005
1.56727099 -0.00033483631 3360.70772690984
1.56814611 -0.00033493276 3361.6757827944
1.56901789 -0.000334909942 3361.44676154843
1.56988633 -0.000334901095 3361.35796538035
1.57075143 -0.000334916927 3361.51686906894
1.57161331 -0.00033493567 3361.70499007925
1.57247198 -0.000334954704 3361.89603181805
1.57332754 -0.00033497432 3362.09291501381
1.57418001 -0.000334994693 3362.29739611839
1.57502961 -0.000335015357 3362.50479795145
1.57587612 -0.000335035875 3362.71073440183
1.57671976 -0.000335056335 3362.91608871389
1.57756066 -0.000335076766 3363.12115195679
1.5783987 -0.000335097226 3363.32650626885
1.57923412 -0.000335117715 3363.53215165007
1.57965046 -0.0003351279885 3363.63526540984
1.5800668 -0.000335138262 3363.73837916961
1.58089697 -0.000335158838 3363.94489775832
1.58172452 -0.000335179357 3364.15084424557
1.58254969 -0.000335199875 3364.35678069595
1.58337235 -0.000335220335 3364.56213500801
1.58419263 -0.000335240737 3364.76690718175
1.58501053 -0.000335261051 3364.97079611113
1.58582628 -0.000335281453 3365.17556828487
1.58663976 -0.000335302117 3365.38297011792
1.58745122 -0.000335322722 3365.58977977579
1.58826041 -0.000335342484 3365.78812835424
1.5890677 -0.000335363147 3365.99552015043
1.58987296 -0.000335388468 3366.24966367612
1.59067631 -0.00033539682 3366.33349159471
1.59147775 -0.000335347548 3365.838955052
1.59227741 -0.000335422053 3366.58675187605
1.59307444 -0.0003354501965 3366.86922446067
1.59387147 -0.00033547834 3367.1516970453
1.594666 -0.000335573946 3368.11128181357
1.59545887 -0.000335552846 3367.89950390621
1.5962503 -0.000335544522 3367.81595701992
1.59704018 -0.000335561577 3367.98713579764
1.59782863 -0.000335580349 3368.17554787711
1.59861577 -0.000335597811 3368.35081165996
1.59940147 -0.000335614721 3368.52053509188
1.60018599 -0.000335630932 3368.6832427533
1.6009692 -0.000335645746 3368.83192891063
1.60175133 -0.000335661811 3368.99317118938
1.60253227 -0.000335677963 3369.15528667561
1.60331213 -0.000335700985 3369.38635544258
1.60409105 -0.000335746678 3369.84497003598
1.60486901 -0.000335819466 3370.57553355828
1.60525757 -0.0003358772665 3371.15566952671
1.60564613 -0.000335935067 3371.73580549515
1.60642231 -0.000335979974 3372.18653111058
1.60719776 -0.000335818186 3370.56268636769
1.60797238 -0.000335191726 3364.2749902615
1.60874641 -0.000333279924 3345.08648662005
1.60951972 -0.000332464959 3336.90679077804
1.61029255 -0.000335790421 3370.28401273747
1.61106479 -0.000336969708 3382.1203602744
1.61183655 -0.000326180278 3273.82827937687
1.61260796 -0.000284404727 2854.53260310563
1.61337888 -0.00023169574 2325.49947677447
1.61414957 -0.00023313881 2339.98337936995
1.61492002 -0.000296578393 2976.7180775275
1.61569011 -0.00037620886 3775.95853548243
1.6164602 -0.00046637273 4680.92136522182
1.61723018 -0.000531202822 5331.61241817445
1.617939175 -0.000788562261 7914.69504514666
1.61864817 -0.0010459217 10497.7776721189
1.61929619 -0.00121881091 12233.0437904987
1.61994433 -0.00136014808 13651.6262594029
1.62059247 -0.0014794108 14848.6503952748
1.62124062 -0.00157354726 15793.4855850604
1.62188876 -0.00164306094 16491.1851908825
1.6225369 -0.00169426191 17005.0825501751
1.62318504 -0.00173131679 17376.9974764139
1.62383318 -0.00175722898 17637.0746978901
1.6244812 -0.0017746198 17811.6240565045
1.62512934 -0.00178658089 17931.6759337494
1.62577748 -0.00179557875 18021.9862636764
1.62642562 -0.00180362188 18102.7140949548
1.62707376 -0.00181202462 18187.0512842077
1.62772191 -0.00182161678 18283.3265245774
1.62804598 -0.001827288535 18340.2531788391
1.62837005 -0.00183296029 18397.1798331008
1.62901807 -0.00184656912 18533.7698586426
1.62966621 -0.00186280208 18696.6979296831
1.63031435 -0.00188211678 18890.5570172263
1.63096249 -0.00190494535 19119.6843528886
1.63161063 -0.00193093403 19380.5292943712
1.63225877 -0.0019595467 19667.710876191
1.63290691 -0.00199009688 19974.3389894458
1.63355505 -0.00202186615 20293.2029476804
1.63420308 -0.00205456419 20621.3888474797
1.63485122 -0.00208784733 20955.4473185392
1.63549936 -0.00212137238 21291.9338082513
1.6361475 -0.00215537474 21633.21099526
1.63679564 -0.0021896984 21977.7130278437
1.63744378 -0.00222165277 22298.4348102798
1.63809192 -0.00225764443 22659.6783380989
1.63874 -0.002293698955 23021.5528336025
1.63938808 -0.00232975348 23383.4273291062
1.64003623 -0.00236701849 23757.4513023437
1.64068437 -0.0024016737 24105.2810583958
1.64133251 -0.00243690796 24458.9226626589
1.64198065 -0.0024732498 24823.6809007906
1.64262879 -0.00250981399 25190.6708364437
1.64327693 -0.00254648551 25558.7380291013
1.64392495 -0.00258331187 25928.3593303453
1.64457309 -0.00262029725 26299.5766942826
1.64522123 -0.00265743444 26672.3177550975
1.64586937 -0.00269470876 27046.4351715727
1.64651752 -0.00273211463 27421.872937987
1.64716566 -0.00276964484 27798.5586885244
1.6478138 -0.00280729448 28176.443142165
1.64846182 -0.00284505938 28555.4844451706
1.64878589 -0.002863993285 28745.5215436981
1.64910996 -0.00288292719 28935.5586422257
1.6497581 -0.00292088627 29316.548904191
1.65040624 -0.00295892428 29698.3313761197
1.65105438 -0.00299702678 30080.7611256429
1.65170252 -0.00303518237 30463.7237324695
1.65235066 -0.00307338289 30847.1372957595
1.65299881 -0.00311161927 31230.9107811233
1.65364683 -0.00314984308 31614.5581030608
1.65429497 -0.00318801333 31997.6678503671
1.65494311 -0.00322621898 32381.1329027882
1.65559125 -0.00326449866 32765.3409845211
1.65623939 -0.00330257928 33147.5511273802
1.65688753 -0.00334050599 33528.2164959397
1.65753567 -0.00337861688 33910.7304547825
1.65818369 -0.00341537106 34279.6272949198
1.65883183 -0.00345346821 34662.0033472011
1.659479975 -0.003491498415 35043.7074813778
1.66012812 -0.00352952862 35425.4116155545
1.66077626 -0.00356725766 35804.0929964863
1.6614244 -0.00360371498 36170.0102920939
1.66207254 -0.00363983889 36532.5811956592
1.66272068 -0.00367604359 36895.9629777618
1.6633687 -0.00371204433 37257.2976403391
1.66401684 -0.00374780269 37616.1995669361
1.66466498 -0.00378332473 37972.7295809707
1.66531312 -0.00381858484 38326.6306382625
1.66596127 -0.00385352038 38677.2740294221
1.66660941 -0.00388794485 39022.7878786333
1.66725755 -0.00392168481 39361.4313915714
1.66790557 -0.00395461032 39691.9003776543
1.66855371 -0.00398668973 40013.8771700211
1.66920185 -0.00401801011 40328.2356787376
1.66952592 -0.00403335318 40482.2320416276
1.66984999 -0.00404869625 40636.2284045177
1.67049813 -0.0040788711 40939.0893802384
1.67114627 -0.00410854304 41236.9027148508
1.67179441 -0.00413767388 41529.2851003794
1.67244256 -0.00416615512 41815.1475366844
1.67309058 -0.00419382332 42092.8495981176
1.67373872 -0.00422056718 42361.2741813098
1.67438686 -0.00424620789 42618.6265939572
1.675035 -0.00427064113 42863.8597900268
1.67568314 -0.00429396192 43097.9274726824
1.67633128 -0.00431631552 43322.2875973184
1.67697942 -0.00433764793 43536.3981730818
1.67762744 -0.00435809698 43741.6425814405
1.67827559 -0.00437820656 43943.4797743391
1.67892373 -0.00439750683 44137.1940298822
1.67957187 -0.00441557169 44318.5086387654
1.68022001 -0.004433197435 44495.4159085117
1.68086815 -0.00445082318 44672.3231782581
1.68151629 -0.00446693506 44834.0359853639
1.68216443 -0.00448306557 44995.9357793139
1.68281245 -0.00449841935 45150.0396370565
1.68346059 -0.00451302854 45296.6701435177
1.68410873 -0.00452705892 45437.491210616
1.68475688 -0.00454050442 45572.441914565
1.68540502 -0.0045533129 45700.9989330854
1.68605316 -0.00456547504 45823.0687225707
1.6867013 -0.00457702484 45938.9925365211
1.68734932 -0.00458797812 46048.9291581826
1.68799746 -0.00459840661 46153.5985320716
1.6886456 -0.00460843602 46254.26239282
1.68929374 -0.00461820979 46352.3604287231
1.68994188 -0.00462780427 46448.6589546257
1.69026595 -0.004632527475 46496.0651380808
1.69059002 -0.00463725068 46543.4713215359
1.69123816 -0.00464655226 46636.8300489047
1.69188631 -0.00465566292 46728.2725375023
1.69253433 -0.00466453703 46817.340805058
1.69318247 -0.00467309868 46903.2729529488
1.69383061 -0.00468127662 46985.3538543546
1.69447875 -0.00468899962 47062.8685831931
1.69512689 -0.00469626626 47135.8028871121
1.69577503 -0.0047031194 47204.5869462591
1.69642317 -0.00470962422 47269.8749636672
1.69707119 -0.00471586687 47332.5316154843
1.69771934 -0.00472185155 47392.5990565545
1.69836748 -0.00472763274 47450.6240954272
1.69901562 -0.00473354105 47509.9250209152
1.69966376 -0.00473962538 47570.9926358464
1.7003119 -0.00474507269 47625.666565349
1.70096004 -0.004749932095 47674.4397701776
1.70160818 -0.0047547915 47723.2129750063
1.7022562 -0.00475959945 47771.4697328101
1.70290434 -0.00476488192 47824.4891850498
1.70355248 -0.00477000279 47875.8866794777
1.70420063 -0.00477489177 47924.956724667
1.70484877 -0.00477962056 47972.4189640279
1.70549691 -0.00478421198 48018.5024388801
1.70614505 -0.00478865067 48063.0529829366
1.70679307 -0.00479297293 48106.4349344929
1.70744121 -0.0047972356 48149.2187891061
1.70808935 -0.00480133947 48190.4087891369
1.70873749 -0.00480523892 48229.5470526834
1.70938563 -0.00480891624 48266.4558268194
1.71003377 -0.00481240219 48301.4438455937
1.71068192 -0.00481588626 48336.4129950569
1.71100599 -0.004817701175 48354.6290567027
1.71133006 -0.00481951609 48372.8451183484
1.71197808 -0.00482345931 48412.4226955917
1.71262622 -0.00482779369 48455.9262939839
1.71327436 -0.00483247079 48502.8697276561
1.7139225 -0.00483745523 48552.897892231
1.71457064 -0.00484250672 48603.5990287816
1.71521878 -0.00484739337 48652.6456880692
1.71586692 -0.00485209562 48699.8415489628
1.71651495 -0.00485659298 48744.9809560441
1.71716309 -0.00486106053 48789.8211641008
1.71781123 -0.00486558257 48835.2082810757
1.71845937 -0.00486920727 48871.5889152361
1.71910751 -0.00487072719 48886.8441511103
1.71975565 -0.00487851072 48964.9664115474
1.72040379 -0.00490806904 49261.6393572577
1.72105193 -0.00525602885 52754.0659167341
1.72176659 -0.003680886705 36944.5726820164
1.72248125 -0.00210574456 21135.0794472988
1.72326255 -0.00143019157 14354.6434980732
1.72404373 -0.00115881406 11630.8633478065
1.72482502 -0.00103912572 10429.5673203266
1.7256062 -0.000977729796 9813.34455706784
1.7263875 -0.000945115113 9485.99530044506
1.7271688 -0.000927355955 9307.74898207531
1.72794998 -0.000917004712 9203.85492610144
1.72873127 -0.000911050185 9144.09012670142
1.72951245 -0.000906828209 9101.71471238023
1.73029375 -0.000903005712 9063.34881590984
1.73107505 -0.000899331993 9026.47618453424
1.73185623 -0.000895481906 8987.83337088546
1.73263752 -0.000891364354 8946.50604643145
1.7334187 -0.00088703708 8903.07377002076
1.73380935 -0.0008847639545 8880.25871023204
1.7342 -0.000882490829 8857.44365044331
1.7349813 -0.000877726357 8809.62327557105
1.73576248 -0.000872803968 8760.21790867056
1.73654377 -0.00086775684 8709.56055293664
1.73732495 -0.000862607034 8657.87263170645
1.73810625 -0.000857429986 8605.91128612782
1.73888755 -0.000852296245 8554.38460717638
1.73966873 -0.000847201154 8503.24585315951
1.74045002 -0.000842146226 8452.51020985794
1.7412312 -0.000837077212 8401.6331872387
1.7420125 -0.000831945275 8350.1246147965
1.7427938 -0.000826822885 8298.71186432972
1.74357498 -0.000821746711 8247.76297773812
1.74435627 -0.000816807209 8198.18584992159
1.74513745 -0.000812688144 8156.84333968683
1.74591875 -0.000807496603 8104.73652978539
1.74669999 -0.0008029988095 8059.59277172195
1.74748123 -0.000798501016 8014.44901365851
1.74826252 -0.000793086248 7960.10170390282
1.7490437 -0.00078873412 7916.41997118362
1.749825 -0.0007844434 7873.3545824329
1.7506063 -0.000779854367 7827.29506558378
1.75138748 -0.000775300199 7781.58548412517
1.75216877 -0.000770855753 7736.97716785853
1.75294995 -0.000766478654 7693.04480451732
1.75373125 -0.00076216436 7649.74280664869
1.75451255 -0.000757915841 7607.10098374954
1.75529373 -0.000753732107 7565.10939932092
1.75607502 -0.000749611296 7523.74936471525
1.7568562 -0.000745556899 7483.05591863749
1.7576375 -0.000741571537 7443.05536771775
1.7584188 -0.000737655617 7403.75179696116
1.75880939 -0.0007357329595 7384.45433810297
1.75919998 -0.000733810302 7365.15687924479
1.75998127 -0.000730037398 7327.28874115162
1.76076245 -0.000726338476 7290.16315060071
1.76154375 -0.000722708181 7253.72636016582
1.76232505 -0.000719141681 7217.92987170247
1.76310623 -0.000715638686 7182.77077451906
1.76388752 -0.000712198147 7148.23853994141
1.7646687 -0.000708823849 7114.37115751357
1.76545 -0.000705523475 7081.24574048967
1.7662313 -0.000702281483 7048.70629587275
1.76701248 -0.000699082157 7016.59508425086
1.76779377 -0.000695913273 6984.78941495388
1.76857495 -0.00069284474 6953.99095536215
1.76935625 -0.000689857698 6924.01041015185
1.77013755 -0.000687296153 6898.30052201479
1.77091873 0 -0
