x ch normalized_heat_flux
0.018014092 -0.0243276861 244173.765545639
0.0180145688 -0.0255931225 256874.783208249
0.018015366 -0.0257400777 258349.7531007
0.0180164818 -0.0243897326 244796.518054105
0.0180179179 -0.0235472284 236340.414906588
0.0180196725 -0.0236127526 236998.072629669
0.0180217456 -0.024458196 245483.676138574
0.0180241354 -0.0256075468 257019.557998251
0.0180268455 -0.0267432854 268418.816008142
0.0180298723 -0.0275289621 276304.549059444
0.0180332176 -0.0279238801 280268.288756897
0.0180368777 -0.0279569216 280599.921919258
0.0180408563 -0.0277534518 278557.722466478
0.0180451497 -0.0274456553 275468.409733741
0.0180497598 -0.0270796828 271795.192188767
0.0180522213 -0.02688972375 269888.59834555
0.0180546828 -0.0266997647 267982.004502333
0.0180599224 -0.0263358224 264329.163806055
0.0180654731 -0.0260073952 261032.783467951
0.0180713385 -0.0257158019 258106.100109073
0.0180775151 -0.0254612174 255550.869177573
0.0180840027 -0.0252439231 253369.915048006
0.0180908013 -0.0250678919 251603.113191847
0.0180979092 -0.0249295477 250214.570766705
0.0181053262 -0.0248190761 249105.781938743
0.0181130506 -0.0247079097 247990.019495139
0.0181210805 -0.0245693903 246599.718610785
0.0181294177 -0.024401797 244917.606840146
0.0181380603 -0.0242017377 242909.638124477
0.0181470066 -0.0239976533 240861.270012841
0.0181562547 -0.0238210279 239088.504249927
0.0181658026 -0.0236530751 237402.784225369
0.0181758022 -0.02348958795 235761.885338819
0.0181858018 -0.0233261008 234120.986452269
0.0181962494 -0.0231490135 232343.584660189
0.0182069931 -0.0229530688 230376.91364014
0.0182180312 -0.0227360912 228199.138186557
0.0182293635 -0.0225007012 225836.559911108
0.0182409901 -0.0222499315 223319.617622308
0.0182529055 -0.0219858475 220669.041466594
0.0182651132 -0.021711586 217916.315090402
0.0182776079 -0.0214279275 215069.27226893
0.0182903893 -0.0211350843 212130.04382918
0.0183034558 -0.0208358262 209126.42988716
0.0183168072 -0.0205328893 206085.892316441
0.0183304418 -0.0202300921 203046.756896131
0.0183443557 -0.0199307967 200042.768578949
0.0183585491 -0.0196348801 197072.692830172
0.0183657836 -0.0194884194 195602.686168772
0.0183730181 -0.0193419587 194132.679507372
0.0183877647 -0.0190509483 191211.846638645
0.0184027851 -0.0187606588 188298.249347805
0.0184180792 -0.0184727125 185408.170445236
0.0184336416 -0.01818919 182562.492637764
0.0184494741 -0.0179117061 179777.423459266
0.018465573 -0.017641468 177065.079416365
0.0184819363 -0.017376218 174402.800272975
0.0184985641 -0.0171129256 171760.16930169
0.0185154527 -0.0168512706 169133.972697491
0.0185326003 -0.0165909603 166521.272669217
0.0185500029 -0.016331166 163913.751664648
0.0185676627 -0.0160711501 161304.00649021
0.0185855739 -0.0158166364 158749.486168938
0.0186037328 -0.0155579122 156152.705616439
0.0186221395 -0.0153278364 153843.465263041
0.01864086 -0.0150712044 151267.683845033
0.0186595805 -0.0148145724 148691.902427025
0.0186786167 -0.0145989377 146527.605483005
0.0186978914 -0.0143709388 144239.210700023
0.0187174026 -0.0141398162 141919.463753572
0.0187371485 -0.0139086191 139598.969060481
0.0187571254 -0.0136855049 137359.601364895
0.0187773295 -0.0134713957 135210.615662471
0.018797759 -0.0132644549 133133.578242088
0.0188184138 -0.0130608464 131089.986675766
0.0188392866 -0.0128557133 129031.092901028
0.0188603774 -0.0126479864 126946.165498988
0.0188816823 -0.0124375103 124833.644740413
0.0189031977 -0.0122254826 122705.550777996
0.0189249236 -0.0120141832 120584.766666286
0.0189468563 -0.0118023688 118458.813567739
0.0189579232 -0.01169542035 117385.386130027
0.0189689901 -0.0115884719 116311.958692316
0.0189913251 -0.0113743907 114163.254022186
0.0190138556 -0.0111618303 112029.813420374
0.0190365836 -0.0109520704 109924.481066407
0.0190594997 -0.0107465563 107861.763245096
0.0190826058 -0.0105422735 105811.403818919
0.0191058982 -0.0103362827 103743.901422801
0.0191293713 -0.0101297386 101670.845627814
0.019153025 -0.00992365181 99602.3797927703
0.0191768538 -0.00971994828 97557.8344229154
0.0192008559 -0.00952052139 95556.2131227147
0.0192250293 -0.00932542328 93598.0392144474
0.0192493685 -0.00913427211 91679.4802205711
0.0192738716 -0.00894668885 89796.7318671415
0.0192985348 -0.00876021665 87925.1350758799
0.0193233564 -0.00857227016 86038.7410310149
0.01934840715 -0.00839062687 84215.611370303
0.0193734579 -0.00820898358 82392.4817095911
0.0193987321 -0.00803187583 80614.8746635673
0.0194241516 -0.00785404723 78830.0325415001
0.0194497108 -0.00767565519 77039.5352467258
0.0194754098 -0.0074977628 75254.0528728714
0.0195012428 -0.00732191186 73489.0602624751
0.0195272081 -0.00714820717 71745.6092792663
0.0195533 -0.00697660912 70023.3023629177
0.0195795167 -0.00680647325 68315.6711537053
0.0196058564 -0.0066370815 66615.5085784464
0.0196323115 -0.00646956777 64934.1954413661
0.019658884 -0.00630459981 63278.4338608357
0.0196855664 -0.00614236947 61650.1494099134
0.0197123569 -0.00598336663 60054.2589493221
0.0197392516 -0.00582661247 58480.9381922714
0.01975274925 -0.00574895949 57701.5455096093
0.0197662469 -0.00567130651 56922.1528269472
0.0197933391 -0.00551838428 55387.2926441394
0.0198205281 -0.00536875334 53885.4667034498
0.0198478047 -0.00522282952 52420.8486355521
0.0198751707 -0.00508108456 50998.1732323901
0.0199026205 -0.00494345324 49616.7858894559
0.0199301504 -0.00480973255 48274.6490222484
0.0199577566 -0.00467986334 46971.1689500463
0.0199854374 -0.00455373153 45705.2006669885
0.0200131871 -0.00442942791 44457.5816849944
0.0200410057 -0.00430489704 43207.6818248275
0.0200688876 -0.004181128 41965.4283515401
0.0200968292 -0.00405934453 40743.1037815468
0.0201248303 -0.00393830659 39528.2619974905
0.0201528836 -0.00381621113 38302.8060251599
0.0201809853 -0.00368615403 36997.4401258957
0.0202114256 -0.003553695395 35667.9703376865
0.0202418659 -0.00342123676 34338.5005494774
0.0202760268 -0.00334771886 33600.6111174854
0.0203116387 -0.00329573476 33078.8535860323
0.0203487631 -0.00325947232 32714.8922751918
0.0203874651 -0.00322842505 32403.2749353984
0.0204278119 -0.00319465902 32064.3697613207
0.0204698704 -0.00315525918 31668.9187819242
0.0205137152 -0.00310772588 31191.8333409948
0.0205594227 -0.0030619395 30732.2815048955
0.0206070691 -0.00302709546 30382.5564871256
0.0206567384 -0.00300144404 30125.0965796257
0.0207085144 -0.00298333075 29943.2958852423
0.0207624882 -0.00296681537 29777.5332020409
0.0208187513 -0.00294682384 29576.8808613681
0.0208774004 -0.00292476546 29355.4838207989
0.02090796735 -0.00291374908 29244.9138727889
0.0209385343 -0.0029027327 29134.3439247788
0.021002261 -0.00288063684 28912.5707024102
0.0210686885 -0.00285722688 28677.6080322665
0.0211379286 -0.00283164298 28420.8258140702
0.0212101042 -0.00280239782 28127.2960138322
0.0212853327 -0.00277055148 27807.658514208
0.0213637482 -0.00273748091 27475.7335801042
0.0214454811 -0.00270334515 27133.1174749514
0.0215306729 -0.00267189974 26817.5040566729
0.0216194671 -0.00264677452 26565.3255489289
0.0217120145 -0.00262896903 26386.6142024073
0.0218084734 -0.00261564692 26252.9019475574
0.0219090097 -0.00260055833 26101.4597667462
0.022013789 -0.00258013932 25896.5168658916
0.0221229922 -0.00255446043 25638.7812456374
0.0222368054 -0.00252233702 25316.3628310942
0.0223579174 -0.00249893661 25081.4960130366
0.0224790294 -0.0024755362 24846.6291949789
0.0226078518 -0.00244507007 24540.8446804499
0.0227421001 -0.00242059282 24295.1697618352
0.0228819996 -0.00240619923 24150.7032040387
0.0230277851 -0.00239601149 24048.4502060358
0.0231797025 -0.00238192314 23907.0473017199
0.0233380031 -0.00236098701 23696.9141358676
0.0235029534 -0.00233001797 23386.0819802302
0.0236748271 -0.00229312479 23015.79001549
0.0238539111 -0.00225765142 22659.7484958037
0.0240405016 -0.00222376059 22319.5907206437
0.0242349096 -0.00218512141 21931.7743849916
0.0244374536 -0.00215142965 21593.6146490741
0.0246484708 -0.00213146256 21393.2076094466
0.0248683058 -0.00211317418 21209.6495599069
0.02498281285 -0.00210153067 21092.7851910894
0.0250973199 -0.00208988716 20975.9208222718
0.0253358893 -0.00206364691 20712.5509059953
0.0255844016 -0.00203501922 20425.2185704233
0.0258432645 -0.00200162129 20090.0079673266
0.0261128936 -0.00196709181 19743.4401466438
0.0263937302 -0.00193092891 19380.4779056088
0.0266862232 -0.00189857127 19055.7085555567
0.0269908458 -0.0018761229 18830.3972369738
0.0273080822 -0.00185595546 18627.9793109131
0.0276384428 -0.00183582574 18425.9399755002
0.027982451 -0.00181658834 18232.8567378261
0.0283406526 -0.0017951898 18018.0824240051
0.0287136119 -0.00177114457 17776.7436329513
0.0291019138 -0.00174594938 17523.862845578
0.0295061674 -0.00171904429 17253.820018215
0.0299269985 -0.00169367332 16999.1749502467
0.03037401475 -0.001677842115 16840.2792409678
0.030821031 -0.00166201091 16681.3835316888
0.031295605 -0.00164173136 16477.8403723963
0.0317895077 -0.00162395567 16299.4281245306
0.0323034823 -0.00160544855 16113.6746105618
0.0328383073 -0.00158478355 15906.2627406347
0.0333947837 -0.00156527432 15710.451181228
0.0339737311 -0.00154917664 15548.8808976429
0.03457601 -0.00153715326 15428.2038239122
0.0352025032 -0.00152901805 15346.5517978609
0.0358541161 -0.00152449601 15301.1646808861
0.0365317874 -0.00152159366 15272.0341780705
0.0372364931 -0.00151742133 15230.1570540805
0.0379692279 -0.00151120801 15167.7947835915
0.0387310162 -0.00150340877 15089.5148439637
0.0395229235 -0.00149568077 15011.9499307869
0.0399344824 -0.00149325188 14987.5714833276
0.0403460413 -0.00149082299 14963.1930358683
0.0412014835 -0.00148853508 14940.2295860098
0.0420904085 -0.00148655719 14920.3777658593
0.0430139974 -0.00148408755 14895.5903160434
0.0439734645 -0.00148088601 14863.4568827965
0.0449700616 -0.00147742801 14828.7493944729
0.0460050628 -0.00147440773 14798.4352438557
0.0470797792 -0.00147209258 14775.1983897225
0.0481955446 -0.00147052202 14759.4348868707
0.0493537337 -0.00146981981 14752.3868980403
0.0505557396 -0.00147004216 14754.6185955616
0.0518029928 -0.0014711672 14765.9104731393
0.0530969501 -0.00147313031 14785.613948386
0.0544390865 -0.00147627783 14817.2051900425
0.0558309145 -0.00148108427 14865.4467921762
0.0572739579 -0.00148778851 14932.7363617305
0.05879694785 -0.001497392715 15029.132496171
0.0603199378 -0.00150699692 15125.5286306116
0.0619260333 -0.00151411071 15196.9287993107
0.0635896698 -0.00152274116 15283.5514836956
0.0653124675 -0.00153246371 15381.1354312378
0.0670960546 -0.00154346647 15491.5686771105
0.0689420775 -0.00155649369 15622.32116006
0.0708521679 -0.00157180545 15776.003268624
0.0728279725 -0.00158940477 15952.6453141428
0.0748711303 -0.00160886254 16147.9403763403
0.076983273 -0.00162975292 16357.6143554977
0.0791660175 -0.00165197544 16580.6588475225
0.0814209655 -0.00167549157 16816.6871319042
0.0837496966 -0.00170027884 17065.4736802269
0.086153768 -0.00172618392 17325.4795395742
0.0886346921 -0.00175287074 17593.3316198359
0.0899143219 -0.00176643685 17729.4928703917
0.0911939517 -0.00178000296 17865.6541209476
0.0938329771 -0.00180718931 18138.519917705
0.0965531468 -0.00183397508 18407.3651460204
0.099355787 -0.00185995863 18668.1585983719
0.102242149 -0.0018848374 18917.8635200843
0.105213411 -0.00190837227 19154.0798953658
0.108270667 -0.00193036511 19374.8191196294
0.111414939 -0.00195067038 19578.6204271578
0.11464712 -0.00196901872 19762.7802872816
0.11796803 -0.00198517647 19924.9534855064
0.121378347 -0.00199917285 20065.4332991047
0.124878652 -0.00201124116 20186.5613292988
0.128469378 -0.00202123402 20286.8583425347
0.132150814 -0.0020293484 20368.3013006329
0.135923132 -0.00203653262 20440.4083659205
0.139786303 -0.00204516831 20527.0836434917
0.14378538 -0.002050214915 20577.7357499439
0.147784457 -0.00205526152 20628.387856396
0.151918575 -0.00205534208 20629.1964264537
0.156141862 -0.00205461239 20621.8726245003
0.160453424 -0.00205309899 20606.6828290032
0.164852217 -0.00205094158 20585.0291903727
0.16933693 -0.00204821001 20557.6127838139
0.173906118 -0.00204481161 20523.503492802
0.178558066 -0.00204080623 20483.3020238657
0.183290899 -0.00203658896 20440.9738430437
0.188102499 -0.00203227974 20397.7227722415
0.192990586 -0.00202703825 20345.114630838
0.197952598 -0.00202029222 20277.4056205847
0.202985853 -0.00201314967 20205.7167915719
0.20808737 -0.00200715079 20145.5068269812
0.213254049 -0.00200210488 20094.861696152
0.215868294 -0.00199925166 20066.224304644
0.218482539 -0.00199639844 20037.586913136
0.223769337 -0.00198925752 19965.9144442175
0.229110733 -0.00198156992 19888.7550204938
0.234502852 -0.00197448768 19817.6715149688
0.239941671 -0.00196811883 19753.7482104547
0.245422989 -0.00196194137 19691.7458620395
0.250942498 -0.00195563422 19628.4418322591
0.256495684 -0.00194919109 19563.7729892162
0.262078047 -0.00194278336 19499.4594512879
0.267684907 -0.00193656678 19437.0644606103
0.273311466 -0.00193052145 19376.3882835173
0.278952956 -0.00192452897 19316.2425548795
0.28460446 -0.00191855663 19256.2989687561
0.29026112 -0.00191280432 19198.5637946211
0.295917958 -0.00190722907 19142.6057482716
0.301570088 -0.00190300029 19100.162043103
0.3072053345 -0.00189927599 19062.7817369249
0.312840581 -0.00189555169 19025.4014307469
0.318449229 -0.00188954233 18965.0862797832
0.324033797 -0.00188377826 18907.2330720846
0.329589576 -0.00187807996 18850.0399891712
0.335112035 -0.00187256152 18794.6521372728
0.340596676 -0.00186739024 18742.7486843467
0.346039146 -0.00186240429 18692.7053641017
0.351435304 -0.00185734511 18641.9270440389
0.356781036 -0.0018521914 18590.1999388774
0.362072468 -0.00184734038 18541.5108931841
0.367305905 -0.00184317166 18499.6700022863
0.372477829 -0.00183948851 18462.7027132119
0.377584845 -0.00183576357 18425.3159834386
0.382623851 -0.00183167122 18384.241608123
0.387591869 -0.00182726758 18340.0428562776
0.390039012 -0.001825168265 18318.972309473
0.392486155 -0.00182306895 18297.9017626685
0.397304147 -0.00181959465 18263.0306734022
0.402043581 -0.0018167916 18234.896831544
0.40670228 -0.00181424175 18209.3043245741
0.411278367 -0.00181134441 18180.2241064655
0.415770113 -0.00180771097 18143.7557500818
0.420176059 -0.00180357823 18102.275985682
0.424494863 -0.0017994619 18060.9609262802
0.428725481 -0.00179597619 18025.9753163541
0.432866991 -0.00179353345 18001.4578582778
0.436918706 -0.00179203413 17986.4093818772
0.44088006 -0.00179111259 17977.1600068657
0.444750726 -0.00179007987 17966.7947329092
0.448530555 -0.0017884603 17950.539323174
0.452219486 -0.001786054 17926.3876085548
0.455817699 -0.00178314804 17897.2208726471
0.4592868835 -0.001780098305 17866.6110860934
0.462756068 -0.00177704857 17836.0012995397
0.466186643 -0.00177438045 17809.2217322331
0.469617248 -0.0017712902 17778.2053019867
0.473047853 -0.00176895945 17754.8118727183
0.476478428 -0.00176783244 17743.5002225113
0.479909033 -0.00176770461 17742.21720972
0.483339638 -0.00176812243 17746.4108137603
0.486770242 -0.00176851847 17750.3858148233
0.490200818 -0.00176834187 17748.6133039968
0.493631423 -0.00176725071 17737.661475495
0.497062027 -0.00176507095 17715.7835128726
0.500492632 -0.00176183705 17683.3252865886
0.503923237 -0.00175772596 17642.0628203734
0.507353783 -0.00175304164 17595.0469205168
0.510784388 -0.00174815254 17545.9756709034
0.5124996905 -0.001745826855 17522.6330783695
0.514214993 -0.00174350117 17499.2904858357
0.517645597 -0.0017395129 17459.2607477049
0.521076202 -0.00173652428 17429.2643643174
0.524506807 -0.00173477654 17411.7225292559
0.527937412 -0.0017342543 17406.4808754959
0.531368017 -0.00173475419 17411.498205264
0.534798563 -0.00173589494 17422.9477620324
0.538229167 -0.0017372279 17436.3265051313
0.541659772 -0.00173830346 17447.1217584978
0.545090377 -0.00173875259 17451.6296168641
0.548520982 -0.00173841312 17448.222401404
0.551951587 -0.00173727039 17436.7529716376
0.555382192 -0.00173536385 17417.6172819937
0.558812737 -0.00173288339 17392.7212332698
0.562243342 -0.00172960421 17359.8085376188
0.565673947 -0.00172639533 17327.6014337634
0.569104552 -0.001724162545 17305.191266234
0.572535157 -0.00172192976 17282.7810987046
0.575965762 -0.00171897002 17253.0745800548
0.579396367 -0.00171509304 17214.1618449244
0.582826912 -0.0017108717 17171.792814051
0.586257517 -0.00170711079 17134.0450581484
0.589688122 -0.00170445011 17107.3401651372
0.593118727 -0.001703216 17094.9535664052
0.596549332 -0.00170323905 17095.1849162045
0.599979937 -0.00170399016 17102.7237078629
0.603410542 -0.00170469633 17109.8114426892
0.606841087 -0.00170457619 17108.6056134101
0.610271692 -0.00170322333 17095.0271366451
0.613702297 -0.00170073251 17070.0271059724
0.617132902 -0.00169771805 17039.7713699249
0.620563507 -0.00169498881 17012.3783492678
0.6222788095 -0.001694105915 17003.5168490065
0.623994112 -0.00169322302 16994.6553487452
0.627424717 -0.00169275829 16989.9909152436
0.630855262 -0.0016933193 16995.6216983623
0.634285867 -0.00169417833 17004.2436687772
0.637716472 -0.00169438147 17006.282558071
0.641147077 -0.00169319101 16994.3340686118
0.644577682 -0.00169052114 16967.5369367869
0.648008287 -0.00168668793 16929.0635153534
0.651438892 -0.00168242166 16886.2435280166
0.654869437 -0.00167863932 16848.2806820404
0.658300042 -0.00167611835 16822.9780398081
0.661730647 -0.00167524791 16814.2415487333
0.665161252 -0.00167568284 16818.6068835791
0.668591857 -0.00167680962 16829.9162253065
0.672022462 -0.00167745224 16836.3661171938
0.675453067 -0.00167743932 16836.2364408638
0.678883642 -0.001675881275 16820.5985494106
0.682314217 -0.00167432323 16804.9606579574
0.685744822 -0.00167126558 16774.2714295963
0.689175427 -0.00166741631 16735.6368160684
0.692606032 -0.00166370533 16698.3902009674
0.696036637 -0.00166122091 16673.4544062476
0.699467242 -0.00166036142 16664.8278188736
0.702897787 -0.00166099647 16671.2017316729
0.706328392 -0.00166256563 16686.95118291
0.709758997 -0.00166419242 16703.2790588296
0.713189602 -0.00166501815 16711.5668015518
0.716620207 -0.0016643753 16705.1146011849
0.720050812 -0.00166211894 16682.4678145007
0.723481417 -0.0016584486 16645.6290977009
0.726911962 -0.00165388803 16599.8552602156
0.730342567 -0.00164921698 16552.9725495927
0.7320578695 -0.001647227095 16533.0003372148
0.733773172 -0.00164523721 16513.0281248368
0.737203777 -0.00164261926 16486.7521071801
0.740634382 -0.00164163031 16476.8261469205
0.744064987 -0.00164222659 16482.8109303611
0.747495592 -0.00164400483 16500.6588898859
0.750926197 -0.00164623826 16523.0755311949
0.754356742 -0.00164810999 16541.861837476
0.757787347 -0.00164892664 16550.05844544
0.761217952 -0.00164831313 16543.9007267699
0.764648557 -0.00164620159 16522.7074792583
0.768079162 -0.00164278108 16488.3762731028
0.771509767 -0.00163838302 16444.2335269788
0.774940372 -0.00163362199 16396.447699005
0.778370917 -0.00162915583 16351.6214421943
0.781801522 -0.00162551913 16315.1203656221
0.785232127 -0.00162339292 16293.7798772622
0.788662732 -0.001624423195 16304.1206110773
0.792093337 -0.00162545347 16314.4613448924
0.795523942 -0.00162835431 16343.5766920378
0.798954546 -0.00163124246 16372.5646713327
0.802385092 -0.00163351442 16395.3680331522
0.805815697 -0.00163473841 16407.6530587836
0.809246302 -0.00163472013 16407.469584843
0.812676907 -0.00163342524 16394.4729452954
0.816107512 -0.00163094304 16369.5594324218
0.819538116 -0.00162745675 16334.5680011125
0.822968721 -0.0016232687 16292.5330975631
0.826399267 -0.0016187547 16247.2266770041
0.829829872 -0.00161435653 16203.0828268247
0.833260477 -0.00161049329 16164.3079982558
0.836691082 -0.00160750083 16134.2730732966
0.840121686 -0.00160567777 16115.9752613638
0.8418369885 -0.001605421715 16113.4052712185
0.843552291 -0.00160516566 16110.8352810731
0.846982896 -0.00160593737 16118.580832205
0.850413442 -0.00160776509 16136.925415941
0.853844047 -0.00161024008 16161.7665629988
0.857274652 -0.00161275605 16187.0190208929
0.860705256 -0.0016147116 16206.6466174202
0.864135861 -0.00161572534 16216.8213916287
0.867566466 -0.00161558494 16215.4122154111
0.870997071 -0.00161429204 16202.4355492301
0.874427617 -0.00161198841 16179.3143198123
0.877858222 -0.00160889525 16148.268682281
0.881288826 -0.00160523562 16111.5374603337
0.884719431 -0.00160123291 16071.362789834
0.888150036 -0.00159730657 16031.9546349165
0.891580641 -0.00159343099 15993.0559514008
0.895011246 -0.00159005111 15959.1325431778
0.898441821 -0.001588677815 15945.3489630224
0.901872396 -0.00158730452 15931.565382867
0.905303001 -0.00158740405 15932.5643523039
0.908733606 -0.00158811093 15939.6592133062
0.912164211 -0.00158947532 15953.3534151553
0.915594816 -0.00159138965 15972.5672919981
0.919025421 -0.00159356615 15994.412534432
0.922455966 -0.00159567257 16015.5543931812
0.925886571 -0.00159735815 16032.4723365498
0.929317176 -0.00159831834 16042.1096364958
0.932747781 -0.00159838563 16042.7850173198
0.936178386 -0.00159749808 16033.8767954396
0.939608991 -0.00159573508 16016.1817977778
0.943039596 -0.00159325078 15991.2472074821
0.946470201 -0.0015902475 15961.103683615
0.949900746 -0.00158693758 15927.8824546525
0.9516160485 -0.001585222315 15910.6665668679
0.953331351 -0.00158350705 15893.4506790832
0.956761956 -0.00158011098 15859.3647739729
0.960192561 -0.00157684879 15826.6226047033
0.963623166 -0.00157379208 15795.9428109977
0.967053771 -0.00157102384 15768.1583525023
0.970484376 -0.00156864303 15744.2624776395
0.973914921 -0.00156678003 15725.5637932129
0.977345526 -0.00156559399 15713.6596667088
0.980776131 -0.00156521727 15709.8785779288
0.984206736 -0.00156571611 15714.8853689859
0.987637341 -0.00156703766 15728.1495914249
0.991067946 -0.00156903313 15748.1778597086
0.994498551 -0.00157139753 15771.9090295734
0.997929096 -0.00157373212 15795.3410004136
1.0013597 -0.00157566089 15814.6998096253
1.00479031 -0.00157701294 15828.2701565275
1.008220915 -0.00157770404 15835.2066357584
1.01165152 -0.00157839514 15842.1431149893
1.01508212 -0.00157803972 15838.5758114902
1.01851273 -0.00157673191 15825.4494956127
1.02194333 -0.00157463236 15804.3765901442
1.02537394 -0.00157198787 15777.8341940202
1.02880454 -0.00156901544 15748.0003075199
1.03223503 -0.00156591937 15716.9254627038
1.03566563 -0.00156284519 15686.0703249205
1.03909624 -0.00155990443 15656.5543060186
1.04252684 -0.00155714585 15628.8668036647
1.04595745 -0.00155457843 15603.0979489302
1.04938805 -0.00155220309 15579.2569757334
1.05281866 -0.00155002717 15557.4175546827
1.05624926 -0.00154808932 15537.9676107128
1.05967987 -0.00154645543 15521.5684730329
1.06139517 -0.00154584646 15515.4563217419
1.06311047 -0.00154523749 15509.3441704508
1.06654108 -0.00154455984 15502.5426870898
1.06997168 -0.00154451921 15502.1348891573
1.07340229 -0.00154518289 15508.7961574773
1.07683289 -0.00154651375 15522.1538231541
1.0802635 -0.00154837838 15540.8688676749
1.08369398 -0.00155053835 15562.5482006866
1.08712459 -0.00155268435 15584.0873186572
1.09055519 -0.00155451067 15602.4178507785
1.0939858 -0.00155583536 15615.7135889819
1.0974164 -0.00155659136 15623.3014609231
1.10084701 -0.00155664538 15623.8436525134
1.10427761 -0.00155581243 15615.4834436067
1.10770822 -0.0015546995 15604.3131124963
1.11113882 -0.00155351113 15592.3856000905
1.11456943 -0.00156303833 15688.0088455378
1.11838061 -0.0012701397075 12748.2241374905
1.12219179 -0.000977241085 9808.43942944316
1.12634969 -0.00088053802 8837.84356497027
1.13047385 -0.000846439623 8495.60246730335
1.13456452 -0.000821535126 8245.63932709701
1.13862228 -0.000799353758 8023.00787224963
1.14264703 -0.000779996742 7828.72406461503
1.14663935 -0.000762594165 7654.05670254775
1.15059936 -0.000747138401 7498.9292448951
1.15452731 -0.000733365654 7360.69400611925
1.15842354 -0.000720815849 7234.73327433747
1.16228831 -0.000709255226 7118.70083136857
1.16612196 -0.00069862348 7011.99140390909
1.1699245 -0.000688809552 6913.49030747503
1.1736964 -0.000679726072 6822.32062094004
1.1774379 -0.000671302958 6737.7789405457
1.17929357 -0.000667395303 6698.55832450021
1.18114924 -0.000663487648 6659.33770845472
1.18483067 -0.000656234566 6586.53948438723
1.1884824 -0.000649509777 6519.04366723963
1.1921047 -0.000643284817 6456.5645676112
1.1956979 -0.000637538673 6398.89128080209
1.19926202 -0.000632248353 6345.79303915133
1.20279765 -0.000627391681 6297.04726508201
1.20630467 -0.000622954336 6252.51022061253
1.20978367 -0.000618915481 6211.97276753175
1.21323454 -0.000615256547 6175.24853124431
1.21665788 -0.000611938885 6141.94959685253
1.22005355 -0.000608955044 6112.00117965558
1.22342205 -0.000606221962 6084.56959735293
1.22676349 -0.000603738998 6059.64841631244
1.23007822 -0.000601228443 6034.45030805671
1.23336637 -0.00059918972 6013.98791513663
1.23661506 -0.000597477192 5996.79949825869
1.23986375 -0.000595764664 5979.61108138076
1.24307346 -0.000594435958 5966.27503511687
1.24625754 -0.000592809054 5949.94601499435
1.24941611 -0.000591229182 5934.089048831
1.25254953 -0.00058968371 5918.57735091472
1.25565791 -0.000588118972 5902.87228270635
1.25874138 -0.000586554117 5887.16604018446
1.26180029 -0.000585009519 5871.6631144905
1.26483476 -0.00058349513 5856.46339253129
1.26784515 -0.000582016481 5841.62238822179
1.27083147 -0.000580579799 5827.20260113684
1.27379405 -0.000579187297 5813.22624286453
1.27673304 -0.000577840197 5799.70557845713
1.27964866 -0.000576538383 5786.63944363801
1.28254116 -0.000575281039 5774.01964832314
1.2839759 -0.000574674399 5767.93088293371
1.28541064 -0.000574067759 5761.84211754428
1.28825736 -0.000572897668 5750.09806904223
1.29108143 -0.000571768847 5738.76824206798
1.2938832 -0.000570679724 5727.83685866558
1.29666269 -0.000569628726 5717.28813084222
1.29942024 -0.000568613934 5707.1027978489
1.30215597 -0.00056763296 5697.25689164566
1.30487001 -0.000566683011 5687.72237926117
1.30756259 -0.000565761817 5678.47647700588
1.31023395 -0.000564868911 5669.51449766259
1.31288421 -0.000563998299 5660.77628024662
1.31551361 -0.000563164591 5652.4084633943
1.31812239 -0.000562362897 5644.36196682284
1.32071042 -0.000561596651 5636.67125713572
1.32327819 -0.0005606552 5627.22203805251
1.32582581 -0.000559967244 5620.31711473348
1.32834345 -0.000559464592 5615.27206313694
1.33086109 -0.00055896194 5610.22701154039
1.33334923 -0.000558736734 5607.96664872506
1.33581781 -0.000558250584 5603.08722551843
1.33826709 -0.000557793013 5598.49464595228
1.34069717 -0.000557380146 5594.35075451743
1.3431083 -0.000556941784 5589.95097314192
1.34550059 -0.000556482933 5585.34554638519
1.34787416 -0.000556025247 5580.75181257926
1.35022926 -0.000555578619 5576.26906645577
1.352566 -0.0005551512 5571.97911852292
1.35488462 -0.000554752187 5567.97427785246
1.35718524 -0.000554382626 5564.26504300793
1.35946798 -0.000554041937 5560.84559260611
1.36173296 -0.000553726859 5557.6831964216
1.36398041 -0.000553434307 5554.74689071771
1.365095435 -0.000553297985 5553.37864484632
1.36621046 -0.000553161663 5552.01039897494
1.36842322 -0.000552906597 5549.45033529166
1.37061894 -0.000552667887 5547.05443461563
1.37279773 -0.000552443787 5544.80517257592
1.37495971 -0.000552234007 5542.69963848091
1.37710512 -0.000552039302 5540.74541016568
1.37923396 -0.000551860721 5538.9530163044
1.38134646 -0.000551697565 5537.31544112657
1.38344264 -0.000551550766 5535.84203899284
1.38552296 -0.000551420322 5534.53278982949
1.38758719 -0.000551300007 5533.32520409853
1.38963568 -0.000551207166 5532.3933712693
1.39166856 -0.000551162462 5531.94468313801
1.39368594 -0.000551086792 5531.18519336315
1.39568794 -0.000550835859 5528.66661205386
1.3976748 -0.000550955592 5529.86835632785
1.39963901 -0.0005511042545 5531.36046216444
1.40160322 -0.000551252917 5532.85256800102
1.40354514 -0.00055174774 5537.81904096076
1.4054724 -0.000551918987 5539.53782443472
1.40738499 -0.000552143611 5541.79234579308
1.40928328 -0.000552438549 5544.75259946318
1.41116726 -0.000552730053 5547.67838652978
1.41303706 -0.000553018705 5550.57554844984
1.41489279 -0.000553313177 5553.53112493962
1.41673458 -0.000553617312 5556.58368768146
1.41856265 -0.000553934951 5559.77178828402
1.42037714 -0.000554269645 5563.13106766429
1.42217791 -0.000554621045 5566.65802295548
1.42396545 -0.000554989441 5570.3555648492
1.42573953 -0.000555374369 5574.21903623886
1.42750061 -0.000555775012 5578.24023700359
1.42837459 -0.0005559817075 5580.31481238034
1.42924857 -0.000556188403 5582.38938775709
1.43098354 -0.000556612446 5586.64545122476
1.43270576 -0.000557044579 5590.9827129517
1.43441534 -0.000557480147 5595.35445131901
1.43611228 -0.000557914434 5599.71333245886
1.43779671 -0.000558342377 5604.00853971036
1.43946886 -0.000558759435 5608.19449565752
1.44112885 -0.000559163804 5612.25309379111
1.44277668 -0.000559555017 5616.17964689393
1.44441247 -0.000559928769 5619.93094625076
1.44603634 -0.000560277491 5623.43102281039
1.44764853 -0.000560610148 5626.76985709127
1.44924903 -0.000560934597 5630.0263087625
1.45083785 -0.000561196473 5632.65472351445
1.45241535 -0.0005612846 5633.53924254958
1.45398152 -0.000561613997 5636.84535664193
1.455530825 -0.000561856199 5639.27630605979
1.45708013 -0.000562098401 5641.70725547765
1.45861292 -0.0005625427 5646.16662573639
1.46013474 -0.000562707195 5647.81764027999
1.46164584 -0.000562883622 5649.58841472837
1.46314609 -0.000563078676 5651.5461459104
1.46463585 -0.000563230191 5653.06688191195
1.466115 -0.000563331589 5654.08460021763
1.46758378 -0.000563389447 5654.66531330596
1.4690423 -0.000563408656 5654.85811149659
1.47049057 -0.000563393638 5654.70737781826
1.47192883 -0.000563348702 5654.25636113368
1.47335696 -0.000563278736 5653.55412165188
1.47477531 -0.000563187816 5652.64156964541
1.47618377 -0.000563079433 5651.55374381921
1.47758257 -0.000562958303 5650.33797804112
1.478277145 -0.0005628931395 5649.6839406162
1.47897172 -0.000562827976 5649.02990319128
1.48035133 -0.000562691537 5647.66048300638
1.48172152 -0.000562550325 5646.24315685219
1.48308241 -0.000562406611 5644.80071845516
1.48443401 -0.000562262314 5643.35242856429
1.48577642 -0.000562118599 5641.90998013039
1.4871099 -0.00056197535 5640.47220887681
1.48843431 -0.000561832916 5639.04261767036
1.48974991 -0.000561692694 5637.63522801515
1.49105668 -0.000561556197 5636.26522569193
1.49235487 -0.000561418652 5634.88470473141
1.49364436 -0.000561287859 5633.57195270124
1.49492526 -0.000561168359 5632.37254701742
1.49619782 -0.000561037916 5631.06330789093
1.49746203 -0.000560807763 5628.75329269135
1.49871802 -0.000560743094 5628.10421849748
1.49996179 -0.000560689019 5627.56147487946
1.50120556 -0.000560634944 5627.01873126145
1.50243723 -0.000560770917 5628.38347426602
1.50366104 -0.000560749788 5628.17140528951
1.50487697 -0.000560768007 5628.35426698117
1.50608516 -0.00056082732 5628.94958371192
1.50728571 -0.000560869463 5629.37256742517
1.50847876 -0.000560887158 5629.55016979819
1.50966418 -0.000560885353 5629.53205325209
1.5108422 -0.000560865446 5629.33224932783
1.51201296 -0.00056082994 5628.97588030516
1.51317632 -0.000560780638 5628.48104265642
1.51433265 -0.000560718647 5627.85884719411
1.51548183 -0.000560645247 5627.12214110881
1.51662397 -0.000560562301 5626.28962308496
1.5177592 -0.000560471497 5625.37823535513
1.51832336 -0.000560422981 5624.89128668436
1.51888752 -0.000560374465 5624.4043380136
1.52000904 -0.000560272601 5623.3819425276
1.52112389 -0.000560166838 5622.32041329464
1.52223206 -0.000560058688 5621.2349260586
1.52333367 -0.000559949316 5620.13717377031
1.52442884 -0.000559839653 5619.03650075352
1.52551758 -0.000559729699 5617.93290700826
1.5266 -0.000559620385 5616.83573685828
1.52767622 -0.0005595127 5615.7549167657
1.52874613 -0.000559407345 5614.69748257474
1.52981007 -0.000559299835 5613.61841893401
1.53086782 -0.000559195993 5612.5761705238
1.53191972 -0.000559100881 5611.62154396815
1.53296566 -0.000558990519 5610.51385518088
1.53400576 -0.000558793428 5608.53567889945
1.53504014 -0.000558745174 5608.051359888
1.536066055 -0.0005586665355 5607.26207567154
1.53709197 -0.000558587897 5606.47279145507
1.53810954 -0.000558687956 5607.47707039497
1.53912163 -0.000558642379 5607.01962007822
1.54012823 -0.000558639818 5606.99391566018
1.54112959 -0.000558682368 5607.42098437856
1.5421257 -0.000558713742 5607.73588106412
1.54311657 -0.000558726955 5607.86849819634
1.54410231 -0.000558725151 5607.85039168711
1.54508305 -0.000558708794 5607.686218643
1.54605865 -0.000558680273 5607.39995714084
1.5470295 -0.000558640517 5607.00093143066
1.54799533 -0.000558589585 5606.48973368766
1.54895651 -0.000558528467 5605.87630041081
1.54991281 -0.000558458385 5605.17289665236
1.55086458 -0.000558380561 5604.39178746459
1.55133814 -0.0005583383315 5603.96793556229
1.5518117 -0.000558296102 5603.54408365999
1.55275428 -0.000558206288 5602.64263242914
1.55369246 -0.000558112399 5601.70028096262
1.55462611 -0.000558015774 5600.73046862622
1.55555546 -0.000557917752 5599.74663478572
1.55648065 -0.000557819032 5598.75579521159
1.55740154 -0.00055771973 5597.7591141805
1.55831826 -0.000557620777 5596.76593601622
1.5592308 -0.000557523395 5595.78852577101
1.56013954 -0.000557427586 5594.82690351861
1.5610441 -0.000557329389 5593.84131322627
1.56194496 -0.000557235675 5592.90071821159
1.56284177 -0.000557153311 5592.07404164471
1.56373501 -0.000557054067 5591.07794275194
1.56462443 -0.000556873158 5589.26218306277
1.56551015 -0.000556854415 5589.07406205246
1.56639057 -0.000556835963 5588.88886177064
1.56727099 -0.000556817511 5588.70366148881
1.56814611 -0.000556936371 5589.89664357735
1.56901789 -0.000556905812 5589.58992693892
1.56988633 -0.000556921877 5589.75116921767
1.57075143 -0.000556987594 5590.41076204883
1.57161331 -0.000557051389 5591.05106402038
1.57247198 -0.000557106454 5591.60374413737
1.57332754 -0.000557153311 5592.07404164471
1.57418001 -0.00055719103 5592.45262225549
1.57502961 -0.000557220832 5592.75174098511
1.57587612 -0.000557242718 5592.97140787043
1.57671976 -0.000557256222 5593.10694573114
1.57756066 -0.000557262101 5593.16595247603
1.5783987 -0.000557261577 5593.16069315739
1.57923412 -0.000557254592 5593.09058563687
1.57965046 -0.00055724784 5593.02281670652
1.5800668 -0.000557241088 5592.95504777616
1.58089697 -0.000557222054 5592.76400603737
1.58172452 -0.000557198422 5592.52681478113
1.58254969 -0.000557171123 5592.25281833124
1.58337235 -0.000557141029 5591.95076883626
1.58419263 -0.000557106279 5591.60198768553
1.58501053 -0.000557064777 5591.18543760444
1.58582628 -0.000557018211 5590.71806082558
1.58663976 -0.00055696856 5590.21972031004
1.58745122 -0.000556919957 5589.73189843179
1.58826041 -0.000556873332 5589.26392947774
1.5890677 -0.000556834857 5588.87776099502
1.58987296 -0.000556811283 5588.64115187711
1.59067631 -0.000556767976 5588.20648524991
1.59147775 -0.000556635205 5586.87388029554
1.59227741 -0.000556682295 5587.34651639304
1.59307444 -0.000556616142 5586.68254748759
1.59387147 -0.000556549989 5586.01857858213
1.594666 -0.000556712039 5587.64505298434
1.59545887 -0.00055671524 5587.67718099768
1.5962503 -0.000556760002 5588.1264512673
1.59704018 -0.000556851388 5589.04368045409
1.59782863 -0.000556945917 5589.99245551591
1.59861577 -0.000557035382 5590.89040387995
1.59940147 -0.000557119085 5591.73051981262
1.60018599 -0.0005571933 5592.47540594505
1.6009692 -0.000557253778 5593.08241562661
1.60175133 -0.000557296036 5593.50655357964
1.60253227 -0.000557315652 5593.7034367754
1.60331213 -0.0005573284 5593.83138676417
1.60409105 -0.000557356107 5594.10947825606
1.60486901 -0.000557435967 5594.91102250636
1.60525757 -0.0005575217945 5595.77246176434
1.60564613 -0.000557607622 5596.63390102232
1.60642231 -0.000557795283 5598.51742964184
1.60719776 -0.000557860301 5599.17000670252
1.60797238 -0.0005575908 5596.46506083476
1.60874641 -0.00055680034 5588.53131843445
1.60951972 -0.000556120474 5581.70759337469
1.61029255 -0.000556287472 5583.38373019802
1.61106479 -0.000557805877 5598.6237602177
1.61183655 -0.000561106484 5631.75151583175
1.61260796 -0.000568580115 5706.76336102194
1.61337888 -0.000580642081 5827.82771732763
1.61414957 -0.00052770559 5296.51116345929
1.61492002 -0.000403320533 4048.0748090746
1.61569011 -0.000412371883 4138.92201105209
1.6164602 -0.000625483168 6277.89177269826
1.61723018 -0.000756434107 7592.22901570335
1.617939175 -0.0014736513535 14790.8435930338
1.61864817 -0.0021908686 21989.4581703643
1.61929619 -0.00253833341 25476.9164803554
1.61994433 -0.0027608932 27710.7196361495
1.62059247 -0.00289123971 29018.9903052795
1.62124062 -0.00296104117 29719.5783208731
1.62188876 -0.00299154595 30025.7507603367
1.6225369 -0.00300443475 30155.1139400665
1.62318504 -0.00301620783 30273.2787858251
1.62383318 -0.00303328643 30444.6944336227
1.6244812 -0.00306237396 30736.6421224134
1.62512934 -0.00310615869 31176.103662387
1.62577748 -0.00316711492 31787.9132751625
1.62642562 -0.00324072596 32526.7375410071
1.62707376 -0.00332106207 33333.0604443592
1.62772191 -0.00340521056 34177.6477011916
1.62804598 -0.003448213335 34609.2608623242
1.62837005 -0.00349121611 35040.8740234567
1.62901807 -0.00357854087 35917.3410818906
1.62966621 -0.00366716296 36806.829269829
1.63031435 -0.00375687098 37707.2167934515
1.63096249 -0.00384746445 38616.4914615321
1.63161063 -0.00393892452 39534.4640791156
1.63225877 -0.0040312293 40460.9149391693
1.63290691 -0.00412405282 41392.5723239463
1.63355505 -0.00421708077 42326.2815455764
1.63420308 -0.00431049988 43263.9167883553
1.63485122 -0.00440440187 44206.3986337836
1.63549936 -0.00449791271 45144.9545584318
1.6361475 -0.0045909523 46078.7806092012
1.63679564 -0.00468434533 47016.1540904719
1.63744378 -0.00477405451 47916.5532568608
1.63809192 -0.00486697862 48849.2202501544
1.63874 -0.004958741835 49770.2354939808
1.63938808 -0.00505050505 50691.2507378072
1.64003623 -0.0051414757 51604.311111627
1.64068437 -0.00522927707 52485.5618415501
1.64133251 -0.00531543 53350.2673973691
1.64198065 -0.00540022925 54201.3862461915
1.64262879 -0.0054829265 55031.4075992198
1.64327693 -0.00556370011 55842.1216321674
1.64392495 -0.00564271165 56635.1500017401
1.64457309 -0.00571936741 57404.5337192472
1.64522123 -0.00579256751 58139.2334347009
1.64586937 -0.00586122647 58828.3543290077
1.64651752 -0.00592466304 59465.058786083
1.64716566 -0.00598333962 60053.9878535269
1.6478138 -0.00603837706 60606.3913544415
1.64846182 -0.00609048456 61129.3874353623
1.64878589 -0.006115457275 61380.0352706057
1.64910996 -0.00614042999 61630.6831058492
1.6497581 -0.00618893234 62117.494773372
1.65040624 -0.00623595528 62589.4577985291
1.65105438 -0.00628094003 63040.9637804165
1.65170252 -0.00632280763 63461.1833403178
1.65235066 -0.00635990128 63833.4873959152
1.65299881 -0.00639202539 64155.9128362658
1.65364683 -0.00642018905 64438.5877641434
1.65429497 -0.00644490309 64686.6393126483
1.65494311 -0.00646737358 64912.1726467435
1.65559125 -0.00648895558 65128.788324303
1.65623939 -0.00650920533 65332.0323849397
1.65688753 -0.00652835192 65524.2041746628
1.65753567 -0.00654790225 65720.4282493297
1.65818369 -0.00656768074 65918.942335719
1.65883183 -0.00658654328 66108.2631531869
1.659479975 -0.00660365284 66279.9895424068
1.66012812 -0.0066207624 66451.7159316268
1.66077626 -0.00663570361 66601.6788788841
1.6614244 -0.00665095216 66754.7265570442
1.66207254 -0.00666691735 66914.9670560348
1.66272068 -0.00668262132 67072.5857244587
1.6633687 -0.00669679884 67214.8836162626
1.66401684 -0.00670898845 67337.2291185023
1.66466498 -0.00671864534 67434.1540453148
1.66531312 -0.00672657927 67513.785850646
1.66596127 -0.00673375791 67585.8369102122
1.66660941 -0.0067391023 67639.4778452966
1.66725755 -0.00674326904 67681.2988631964
1.66790557 -0.006750111 67749.9707101631
1.66855371 -0.0067620147 67869.4465715737
1.66920185 -0.00677993055 68049.2655868089
1.66952592 -0.00679193111 68169.7136192198
1.66984999 -0.00680393167 68290.1616516308
1.67049813 -0.00683178008 68569.6724569826
1.67114627 -0.00686080754 68861.0172311338
1.67179441 -0.00687990338 69052.6796498238
1.67244256 -0.00688440679 69097.8797799544
1.67309058 -0.00688041747 69057.8395031125
1.67373872 -0.00687012449 68954.5302251584
1.67438686 -0.00685658678 68818.6540216437
1.675035 -0.00684486981 68701.0523445288
1.67568314 -0.00683837105 68635.8251505386
1.67633128 -0.00683640456 68616.0877506793
1.67697942 -0.00683851261 68637.2459695227
1.67762744 -0.00684447121 68697.0516490847
1.67827559 -0.00685237767 68776.4077416617
1.67892373 -0.00685985386 68851.4452711961
1.67957187 -0.00686606439 68913.7795388244
1.68022001 -0.006865217585 68905.2802691165
1.68086815 -0.00686437078 68896.7809994087
1.68151629 -0.00686653331 68918.4860268015
1.68216443 -0.00686878664 68941.1024017767
1.68281245 -0.00687199691 68973.3234568782
1.68346059 -0.00687703723 69023.9124816171
1.68410873 -0.00688353926 69089.1724961645
1.68475688 -0.00689057959 69159.8353565664
1.68540502 -0.00689664017 69220.664595891
1.68605316 -0.00689908303 69245.1832583913
1.6867013 -0.00689596822 69213.9203226755
1.68734932 -0.00688802777 69134.2230769672
1.68799746 -0.00687729754 69026.5251786343
1.6886456 -0.00686715171 68924.6928257545
1.68929374 -0.00686079124 68860.8536301912
1.68994188 -0.00685885409 68841.4107120286
1.69026595 -0.00685968669 68849.7674080316
1.69059002 -0.00686051929 68858.1241040346
1.69123816 -0.00686518662 68904.9694775099
1.69188631 -0.00687183207 68971.6689796152
1.69253433 -0.00687819906 69035.5736155555
1.69318247 -0.0068827183 69080.932629301
1.69383061 -0.00688417815 69095.5849505356
1.69447875 -0.00688188616 69072.5805502571
1.69512689 -0.00687692594 69022.7954786167
1.69577503 -0.00687074242 68960.7323067836
1.69642317 -0.00686420687 68895.1358564326
1.69707119 -0.00685833627 68836.2134212236
1.69771934 -0.00685418351 68794.5327187335
1.69836748 -0.00685215043 68774.1269638575
1.69901562 -0.00685291644 68781.8153048439
1.69966376 -0.00685614021 68814.1718576586
1.7003119 -0.00686044851 68857.4136945425
1.70096004 -0.00686155213 68868.4905824152
1.70160818 -0.00686265575 68879.5674702879
1.7022562 -0.00686590094 68912.1390128075
1.70290434 -0.00686823018 68935.5172864058
1.70355248 -0.00686917966 68945.0470914994
1.70420063 -0.00686863018 68939.5320334647
1.70484877 -0.00686631491 68916.2939749074
1.70549691 -0.00686294213 68882.4418284446
1.70614505 -0.00685911113 68843.9905884886
1.70679307 -0.0068558515 68811.2741136002
1.70744121 -0.00685414113 68794.1073562826
1.70808935 -0.00685400376 68792.7285917739
1.70873749 -0.00685561402 68808.8905582713
1.70938563 -0.00685815467 68834.3907260589
1.71003377 -0.00686071999 68860.1385033713
1.71068192 -0.00686317449 68884.7739950111
1.71100599 -0.00686414074 68894.4721183751
1.71133006 -0.00686510699 68904.1702417391
1.71197808 -0.00686627906 68915.9341532022
1.71262622 -0.00686644064 68917.5559102767
1.71327436 -0.00686566951 68909.816180528
1.7139225 -0.00686426461 68895.7153851706
1.71457064 -0.00686271396 68880.1517163536
1.71521878 -0.00686169509 68869.925453014
1.71586692 -0.00686137425 68866.7052243981
1.71651495 -0.00686202478 68873.2345079086
1.71716309 -0.00686369371 68889.9853374308
1.71781123 -0.00686624413 68915.5835654153
1.71845937 -0.006869704 68950.3098226815
1.71910751 -0.00687185489 68971.8980209349
1.71975565 -0.0068762959 69016.4718505243
1.72040379 -0.00689746952 69228.9886720741
1.72105193 -0.00727572339 73025.4727022635
1.72176659 -0.005013911055 50323.961653314
1.72248125 -0.00275209872 27622.4506043645
1.72326255 -0.00179106812 17976.7136673614
1.72404373 -0.00141764386 14228.7037935291
1.72482502 -0.00125769351 12623.3033004735
1.7256062 -0.00118555466 11899.2552108102
1.7263875 -0.00114825589 11524.892392921
1.7271688 -0.00112853374 11326.9437836549
1.72794998 -0.00111629185 11204.0735539747
1.72873127 -0.00110761367 11116.9718098971
1.72951245 -0.00110050465 11045.6195170566
1.73029375 -0.00109403941 10980.7287588699
1.73107505 -0.00108776067 10917.7098764994
1.73185623 -0.00108149007 10854.7726942316
1.73263752 -0.00107518281 10791.4675603958
1.7334187 -0.00106880744 10727.4788155046
1.73380935 -0.00106561434 10695.4300934207
1.7342 -0.00106242124 10663.3813713367
1.7349813 -0.00105606089 10599.5433801976
1.73576248 -0.00104974036 10536.1050571281
1.73654377 -0.00104347069 10473.1772091472
1.73732495 -0.00103725586 10410.799782988
1.73810625 -0.0010310614 10348.6268078228
1.73888755 -0.00102486101 10286.3943140325
1.73966873 -0.00101859134 10223.4664660516
1.74045002 -0.00101219816 10159.2989645475
1.7412312 -0.00100583734 10095.4562560806
1.7420125 -0.000999659998 10033.4550920158
1.7427938 -0.000993620139 9972.83382662569
1.74357498 -0.000987660838 9913.02111121952
1.74435627 -0.000981853344 9854.73206258026
1.74513745 -0.000976852374 9804.53798858319
1.74591875 -0.000970914087 9744.93618791376
1.74669999 -0.000962961058 9665.1126884473
1.74748123 -0.000955008029 9585.28918898083
1.74826252 -0.00094927795 9527.77714445046
1.7490437 -0.00094461313 9480.95696351297
1.749825 -0.000940161757 9436.27912186414
1.7506063 -0.000935541117 9389.90236973929
1.75138748 -0.00093106681 9344.99434256784
1.75216877 -0.000926798035 9302.14921287764
1.75294995 -0.000922660751 9260.62384095122
1.75373125 -0.000918658625 9220.45503198224
1.75451255 -0.000914809469 9181.82156265724
1.75529373 -0.000911129871 9144.88992453675
1.75607502 -0.000907636655 9109.82897788205
1.7568562 -0.000904244545 9075.78281876768
1.7576375 -0.000900871179 9041.92479070049
1.7584188 -0.000897526101 9008.3506855453
1.75880939 -0.000895873265 8991.76138937096
1.75919998 -0.000894220429 8975.17209319661
1.75998127 -0.000891066273 8943.51424688634
1.76076245 -0.000888171315 8914.45793659646
1.76154375 -0.000885476125 8887.4066712827
1.76232505 -0.000882923079 8861.78208648376
1.76310623 -0.000880322652 8835.68194485885
1.76388752 -0.000877491198 8807.26301581202
1.7646687 -0.000874571793 8777.96133421877
1.76545 -0.000871704135 8749.17903041566
1.7662313 -0.00086884608 8720.49311065255
1.76701248 -0.000865953043 8691.45608118542
1.76779377 -0.0008632018 8663.84221932944
1.76857495 -0.000860806496 8639.80087010689
1.76935625 -0.000858511892 8616.77023345641
1.77013755 -0.000856326544 8594.83618481758
1.77091873 0 -0
