x ch normalized_heat_flux
0.0180150419 -0.0484192967 485978.072543058
0.0180169381 -0.040276356 404248.45447906
0.0180201065 -0.0390270725 391709.561335867
0.0180245433 -0.0397282317 398747.003425806
0.0180302449 -0.0411489531 413006.596080994
0.0180372111 -0.0426880904 428454.713451793
0.0180454366 -0.0445177034 446818.296978187
0.0180549175 -0.0461043417 462743.17559909
0.01806565 -0.046722874 468951.30242964
0.0180776287 -0.0463365056 465073.373935822
0.0180908442 -0.0453998037 455671.820940745
0.0181052946 -0.0442883894 444516.702710562
0.0181209706 -0.0432003066 433595.759657888
0.0181378648 -0.0421890132 423445.541649713
0.0181559697 -0.0412622504 414143.746085867
0.0181752779 -0.0404037051 405526.640540736
0.01819578 -0.039594505 397404.806237024
0.0182174668 -0.0388132147 389563.098901969
0.0182403289 -0.0380386002 381788.395687953
0.0182643589 -0.0372529998 373903.428449652
0.0182895437 -0.0364439711 365783.314465055
0.0183158759 -0.0356076583 357389.353579889
0.0183433443 -0.0347462669 348743.682105748
0.0183719378 -0.0338650271 339898.7948678
0.018401647 -0.0329677984 330893.42915673
0.0184324589 -0.0320618004 321800.047142202
0.0184643641 -0.0311590843 312739.605123605
0.0184973478 -0.0302623697 303739.399366192
0.0185313988 -0.0293838605 294921.918799042
0.0185665023 -0.0284792949 285842.913593732
0.018602632 -0.0276458208 277477.444364755
0.0186399799 -0.02666176205 267600.576934044
0.0186773278 -0.0256777033 257723.709503334
0.0187158808 -0.0247557703 248470.39000285
0.018755395 -0.0238277968 239156.442803343
0.018795846 -0.0228962768 229806.899852726
0.0188372135 -0.0219627563 220437.278148382
0.0188794713 -0.0210336652 211112.113745593
0.0189225972 -0.0201146267 201887.845958513
0.0189665668 -0.0192102529 192810.765824418
0.0190113559 -0.0183202457 183877.881353061
0.0190569405 -0.0174433533 175076.628393522
0.0191032961 -0.0165824778 166436.1349394
0.0191503987 -0.0157413185 157993.530375182
0.0191982221 -0.0149230231 149780.40774916
0.0192467421 -0.0141294114 141815.032153078
0.0192959309 -0.0133607127 134099.705040688
0.0193457678 -0.0126169519 126634.676329995
0.0193962213 -0.0118984208 119422.874778977
0.0194472689 -0.0112069277 112482.450055401
0.0194988828 -0.0105438037 105826.762233793
0.0195510369 -0.00990934018 99458.7358566462
0.0196037032 -0.00930418074 93384.8306519794
0.0196568556 -0.00872797053 87601.4850373078
0.0197104663 -0.00817988534 82100.4265259479
0.0197645091 -0.00765863899 76868.7458994694
0.019818956 -0.00716313347 71895.4225768271
0.0198737793 -0.00669263257 67173.0673156906
0.0199289545 -0.0062463861 62694.1505583197
0.0199844539 -0.00582424132 58457.13927355
0.0200402513 -0.00542586669 54458.7058382817
0.0200963281 -0.00505532045 50739.582270275
0.0201526638 -0.00468885386 47061.4056093648
0.0202143453 -0.004378161625 43943.0287676914
0.0202760268 -0.00406746939 40824.6519260179
0.0203487631 -0.00387179223 38860.6661695396
0.0204278119 -0.00372913037 37428.787962432
0.0205137152 -0.00359725743 36105.1967174194
0.0206070691 -0.00348116644 34940.0068157698
0.0207085144 -0.00337641034 33888.5837048445
0.0208187513 -0.00327493972 32870.1365218364
0.0209385343 -0.00317731593 31890.2994623992
0.0210686885 -0.00308575411 30971.3055935325
0.0212101042 -0.00299854972 30096.0466728573
0.0213637482 -0.00291263591 29233.7411328301
0.0215306729 -0.00282688602 28373.0808361477
0.0217120145 -0.00274050259 27506.061782336
0.0219090097 -0.00265319296 26629.7465817097
0.0221229922 -0.00256748567 25769.513855589
0.0223554168 -0.00248478912 24939.499528368
0.0226078518 -0.00240222365 24110.8008337583
0.0228819996 -0.00231825444 23268.0129865576
0.0231797025 -0.00223707478 22453.2234835019
0.0235029534 -0.00215974567 21677.0814411647
0.0238539111 -0.00208168081 20893.5547734561
0.0242349096 -0.00200170954 20090.8937208964
0.0246484708 -0.00192738406 19344.89871533
0.0250973199 -0.00186359044 18704.6105946613
0.0255844016 -0.00180503202 18116.8674834986
0.0261128936 -0.00174488535 17513.1833172955
0.0266862232 -0.00167892466 16851.1446018548
0.0273080822 -0.00160812051 16140.4927194401
0.027982451 -0.00154207437 15477.596353659
0.0287136119 -0.00148680259 14922.8408131799
0.0295061674 -0.0014406055 14459.1667351692
0.0304008862 -0.00140483299 14100.122786895
0.031295605 -0.00136906048 13741.0788386208
0.0323034823 -0.00134095515 13458.9893612331
0.0333947837 -0.00131458463 13194.3119422081
0.03457601 -0.00128216529 12868.9233174222
0.0358541161 -0.00124333065 12479.1451756198
0.0372364931 -0.00120793853 12123.9191514299
0.0387310162 -0.00118201389 11863.7169709514
0.0403460413 -0.00116227276 11665.5778619374
0.0420904085 -0.00114424108 11484.5962763228
0.0439734645 -0.00112756167 11317.1872457212
0.0460050628 -0.00111321232 11173.1647189495
0.0481955446 -0.00110053085 11045.8824829889
0.0505557396 -0.00108882436 10928.385992247
0.0530969501 -0.00107846956 10824.4562351349
0.0558309145 -0.00106972409 10736.6791102333
0.0587697774 -0.00106193474 10658.4984352264
0.0619260333 -0.001054005 10578.9086843706
0.0653124675 -0.0010456848 10495.3999381733
0.0689420775 -0.00103705889 10408.8228211676
0.0728279725 -0.00102766114 10314.4988482371
0.076983273 -0.00101706898 10208.1867402203
0.0814209655 -0.00100522512 10089.3114849697
0.086153768 -0.000992408255 9960.67030731407
0.0911939517 -0.000978735276 9823.43642674963
0.0965531468 -0.000964482781 9680.38602079383
0.102242149 -0.00095016096 9536.63979895152
0.108270667 -0.000936110795 9395.62015242675
0.11464712 -0.000922429259 9258.30038638586
0.121378347 -0.000909054594 9124.0606439567
0.128469378 -0.000895946752 8992.49896866374
0.135923132 -0.000882884429 8861.3941615492
0.1439208535 -0.0008697891895 8729.95897588077
0.151918575 -0.00085669395 8598.52379021233
0.160453424 -0.000842861831 8459.69264253053
0.16933693 -0.000829141005 8321.97852795979
0.178558066 -0.000815211621 8182.17114434631
0.188102499 -0.000801361632 8043.16063783966
0.197952598 -0.000787048135 7899.49796288365
0.20808737 -0.000770659943 7735.01184880455
0.218482539 -0.000752567837 7553.42377542544
0.229110733 -0.0007360616 7387.75285930495
0.239941671 -0.000722483906 7251.47534167427
0.250942498 -0.000708938111 7115.51799008466
0.262078047 -0.000693341019 6958.97204200118
0.273311466 -0.000677239208 6797.36029611573
0.28460446 -0.000663245039 6656.90267403173
0.295917958 -0.000651300361 6537.01552185863
0.307212591 -0.000639138219 6414.94571229952
0.318449229 -0.000626112334 6284.20662856831
0.329589576 -0.000613410491 6156.7199115032
0.340596676 -0.000602385029 6046.05880866118
0.351435304 -0.000592986587 5951.72789021834
0.362072468 -0.000584125519 5862.79052349047
0.372477829 -0.000575100014 5772.20272435733
0.382623851 -0.000565970549 5680.57149246359
0.392486155 -0.000557283056 5593.37627503758
0.402043581 -0.000549551391 5515.77457674094
0.411278367 -0.000542904076 5449.05635587743
0.420176059 -0.000537067303 5390.47343779033
0.428725481 -0.000531681697 5336.41882316895
0.436918706 -0.000526585558 5285.26955051478
0.444750726 -0.000521352806 5232.74911126074
0.452219486 -0.000516738743 5186.43837161441
0.4592030645 -0.000511670107 5135.56514293113
0.466186643 -0.000506601471 5084.69191424786
0.473047853 -0.000502246723 5040.98388493543
0.479909033 -0.000497904257 4997.39912843145
0.486770242 -0.000493852363 4956.73080463341
0.493631423 -0.000490161823 4919.68934310712
0.500492632 -0.000486818113 4886.12896838687
0.507353783 -0.00048376128 4855.44794014662
0.514214993 -0.000480898685 4826.71645300439
0.521076202 -0.000478120288 4798.83005004432
0.527937412 -0.000475322973 4770.7537696221
0.534798563 -0.000472463551 4742.05412946093
0.541659772 -0.000469564606 4712.95780217974
0.548520982 -0.000466673548 4683.94063567368
0.555382192 -0.000463788892 4654.9877251943
0.562243342 -0.0004608171 4625.16024221562
0.569104552 -0.00045763934 4593.2654856814
0.575965762 -0.000454206864 4558.81417836759
0.582826912 -0.000450610329 4522.71623258446
0.589688122 -0.0004470532 4487.01379960784
0.596549332 -0.000443696918 4453.32724138753
0.603410542 -0.000440617907 4422.4236154966
0.610271692 -0.00043778916 4394.0318562505
0.617132902 -0.000435041002 4366.44895813121
0.623994112 -0.000432227185 4338.20704931908
0.630855262 -0.00042930746 4308.90215592818
0.637716472 -0.000426355371 4279.27242935275
0.644577682 -0.000423589314 4251.50988133944
0.651438892 -0.000421312056 4228.65334419517
0.658300042 -0.000419706834 4212.54194343697
0.665161252 -0.000418679643 4202.23216332169
0.672022462 -0.000418007432 4195.48527048377
0.678883642 -0.0004171105395 4186.48327916761
0.685744822 -0.000416213647 4177.48128785144
0.692606032 -0.000414546404 4160.7473905249
0.699467242 -0.000412309862 4138.29951448375
0.706328392 -0.000409632397 4111.42615264903
0.713189602 -0.000406701874 4082.01288116128
0.720050812 -0.000403727114 4052.15560875942
0.726911962 -0.000400929421 4024.07553440123
0.733773172 -0.000398502802 3999.71988066832
0.740634382 -0.000396553776 3980.15776466559
0.747495592 -0.000395061565 3965.18064035705
0.754356742 -0.000393908384 3953.60631528692
0.761217952 -0.000392888091 3943.36576948466
0.768079162 -0.000391733425 3931.77653966607
0.774940372 -0.00039026147 3917.0027221486
0.781801522 -0.000388432702 3898.64761977536
0.788662732 -0.000386311644 3877.35884135756
0.795523942 -0.000384024752 3854.40560903038
0.802385092 -0.000381706312 3831.13573360266
0.809246302 -0.000379459234 3808.58210912397
0.816107512 -0.000377339398 3787.30559575844
0.822968721 -0.000375366624 3767.50512422282
0.829829872 -0.000373561081 3749.38312810069
0.836691082 -0.000371964124 3733.3546820536
0.843552291 -0.000370616588 3719.82964157191
0.850413442 -0.000369539455 3709.01860021259
0.857274652 -0.000368699664 3700.58972909438
0.864135861 -0.000368008099 3693.64858272002
0.870997071 -0.000367334374 3686.88649406448
0.877858222 -0.000366528868 3678.80173695355
0.884719431 -0.000365496322 3668.43820941201
0.891580641 -0.000364206993 3655.49738488546
0.898441821 -0.000362615232 3639.52109040266
0.905303001 -0.000361023471 3623.54479591986
0.912164211 -0.00035927337 3605.97926381382
0.919025421 -0.000357520767 3588.38861946493
0.925886571 -0.000355816766 3571.28578695742
0.932747781 -0.000354193035 3554.98861381595
0.939608991 -0.000352659263 3539.59434725113
0.946470201 -0.000351205847 3525.00660322297
0.953331351 -0.000349818205 3511.07902412743
0.960192561 -0.000348479633 3497.64395412733
0.967053771 -0.000347185094 3484.65083752033
0.973914921 -0.000345946435 3472.21858107746
0.980776131 -0.000344784436 3460.55575090841
0.987637341 -0.000343727006 3449.94246595235
0.994498551 -0.000342783023 3440.46783352024
1.0013597 -0.000341941661 3432.02319448295
1.00822091 -0.000341168343 3424.26150406784
1.01508212 -0.000340402592 3416.57576263021
1.02194333 -0.000339586724 3408.38700349672
1.02880454 -0.000338676822 3399.2544375509
1.03566563 -0.000337659847 3389.0471940755
1.04252684 -0.000336550671 3377.91454136617
1.04938805 -0.000335378019 3366.14478844607
1.05624926 -0.000334176846 3354.08877402382
1.06311047 -0.000332975469 3342.03071208056
1.06997168 -0.000331791263 3330.14499319167
1.07683289 -0.000330631796 3318.5075763715
1.08369398 -0.000329494505 3307.09273712828
1.09055519 -0.000328381429 3295.92094063512
1.0974164 -0.000327276619 3284.83210888994
1.10427761 -0.000326218404 3274.21094499278
1.11113882 -0.00032509258 3262.91119851086
