x ch normalized_heat_flux
0.0180150419 -0.0459619425 473647.125231151
0.0180169381 -0.0353355035 370771.976931785
0.0180201065 -0.029057255 326184.043535967
0.0180245433 -0.0272545535 323078.521763823
0.0180302449 -0.0274977386 325797.157417208
0.0180372111 -0.0282122996 320719.384628447
0.0180454366 -0.0291162319 310787.160861603
0.0180549184 -0.029675955 298313.560553515
0.01806565 -0.0296677519 286580.258525654
0.0180776287 -0.0291503407 277188.856818515
0.0180908442 -0.0281999055 268762.403581714
0.0181052946 -0.0269955322 260853.890353757
0.0181209706 -0.0257897452 253875.561901355
0.0181378648 -0.0247764699 247948.450302249
0.0181559706 -0.0239870027 242436.819857828
0.0181752779 -0.0233918354 236895.482794388
0.01819578 -0.0229445305 231153.808849025
0.0182174668 -0.0226066988 225178.650764492
0.0182403289 -0.0223437734 219008.531544349
0.0182643589 -0.0221191477 212663.462695309
0.0182895437 -0.0218901988 206128.255425562
0.0183158759 -0.0216168948 199385.532404308
0.0183433443 -0.0212718509 192482.731882795
0.0183719378 -0.0208454486 185508.90898028
0.018401647 -0.020345116 178567.970369081
0.0184324589 -0.0197832622 171727.116892841
0.0184643641 -0.0191779416 165042.717607642
0.0184973478 -0.0185329001 158472.835469391
0.01853139975 -0.0178536884 151993.769418829
0.0185665023 -0.0171343274 145473.027282735
0.018602632 -0.0164530873 139576.941147056
0.0186399799 -0.0157540799 133794.233475692
0.0186773278 -0.0150550725 128011.525804328
0.0187158808 -0.0144093949 123052.424923879
0.018755395 -0.0137597304 118120.506691342
0.018795846 -0.0131212315 113327.754998455
0.0188372135 -0.012498253 108695.15462699
0.0188794713 -0.0118944719 104235.227372286
0.0189225972 -0.0113126496 99954.2781938606
0.0189665668 -0.0107540144 95849.3855100958
0.0190113559 -0.0102187842 91909.7994342665
0.0190569405 -0.00970656704 88121.050567051
0.0191032961 -0.00921673141 84468.8040533384
0.0191503987 -0.00874892157 80942.0977266532
0.0191982221 -0.0083026085 77530.8172849143
0.0192467421 -0.00787729304 74227.0268779792
0.0192959309 -0.00747236749 71024.4285219525
0.0193457678 -0.00708711473 67917.6846608038
0.0193962213 -0.00672056852 64901.8435556949
0.0194472689 -0.00637218729 61977.3047241426
0.0194988828 -0.00604127906 59144.5145558356
0.0195510369 -0.00572675187 56400.0658353136
0.0196037032 -0.00542790443 53744.706409585
0.0196568556 -0.00514379237 51177.21875642
0.0197104663 -0.00487314351 48692.6065231037
0.0197645091 -0.00461454643 46284.2026701173
0.019818956 -0.00436673034 43945.6507488112
0.0198737793 -0.00412875554 41673.0108871591
0.0199289545 -0.003900107 39466.0867138457
0.0199844539 -0.00368063501 37327.1040548246
0.0200402513 -0.0034706241 35263.4382513646
0.0200963281 -0.00327118533 33287.4806195255
0.0201526638 -0.00307159894 31291.4222030339
0.0202143453 -0.00289952231 29570.4712925965
0.0202760268 -0.00272744568 27849.5203821591
0.0203487631 -0.00264043431 26977.745810272
0.0204278119 -0.00257603591 26336.3792281746
0.0205137152 -0.00252599409 25831.0383989198
0.0206070691 -0.00248669786 25425.0854434295
0.0207085144 -0.00245435932 25081.6654353624
0.0208187513 -0.00242317514 24744.9031325274
0.0209385343 -0.00239113905 24393.0597836563
0.0210686885 -0.00235894416 24031.0007101566
0.0212101042 -0.00232694135 23664.4010079177
0.0213637482 -0.00229434855 23287.8765498433
0.0215306729 -0.00225957157 22884.7641282657
0.0217120145 -0.00222063507 22434.5493392168
0.0219090097 -0.00217824639 21943.2006562271
0.0221229922 -0.00213347166 21423.1303724099
0.0223554168 -0.0020848189 20865.0692397556
0.0226078518 -0.00203164131 20266.5939569396
0.0228819996 -0.00197567395 19647.0346779163
0.0231797025 -0.00191838585 19029.4845288744
0.0235029534 -0.00185749331 18400.2551795322
0.0238539111 -0.00179172482 17741.4560136776
0.0242349096 -0.0017243562 17078.3954949261
0.0246484708 -0.00165786163 16440.7854614673
0.0250973199 -0.00159054471 15818.655038059
0.0255844016 -0.00152211287 15199.5338683085
0.0261128936 -0.00145664439 14608.908821154
0.0266862232 -0.00139731728 14078.1169043945
0.0273080822 -0.00134212128 13598.9906671664
0.027982451 -0.00128849968 13140.0773765867
0.0287136119 -0.00123821222 12697.3908906695
0.0295061674 -0.00119665149 12319.4368815361
0.0304008862 -0.00117180491 12068.2021906413
0.031295605 -0.00114695833 11816.9674997465
0.0323034823 -0.00111967581 11529.9447513572
0.0333947837 -0.00109232683 11222.9486363501
0.03457601 -0.00106754201 10929.8862530385
0.0358541161 -0.00104731834 10682.7612579705
0.0372364931 -0.00103093486 10490.1220513211
0.0387310162 -0.00101384067 10313.6728140298
0.0403460413 -0.000994827482 10133.7076720386
0.0420904085 -0.00097657321 9961.79027119046
0.0439734645 -0.000960897596 9806.13028745107
0.0460050628 -0.00094765157 9664.96312406405
0.0481955446 -0.000936450029 9535.49501390143
0.0505557396 -0.000926131441 9410.57011697143
0.0530969501 -0.000915646087 9281.75429280032
0.0558309145 -0.000904562708 9146.52311862185
0.0587697774 -0.000891877629 8998.50331897782
0.0619260333 -0.000877245038 8838.42808203143
0.0653124675 -0.000860930071 8674.70057950127
0.0689420775 -0.000844548107 8521.37515612128
0.0728279725 -0.000829816679 8389.62770342661
0.076983273 -0.000817339285 8281.46590107113
0.0814209655 -0.000807131466 8195.04039596967
0.086153768 -0.000798579655 8119.94763857094
0.0911939517 -0.000791136001 8046.97444178976
0.0965531468 -0.000783286931 7965.65094750874
0.102242149 -0.000773989945 7870.45888589551
0.108270667 -0.000763634045 7767.51273177598
0.11464712 -0.000752866908 7662.27116609929
0.121378347 -0.000742672302 7558.88947214507
0.128469378 -0.000732623972 7446.49118323227
0.135923132 -0.000723461097 7332.24996482957
0.1439208535 -0.000710290013 7166.32987343287
0.151918575 -0.000697118929 7000.40978203618
0.160453424 -0.000679283519 6786.6149811842
0.16933693 -0.000656602671 6541.79738169329
0.178558066 -0.000630777038 6294.91922832974
0.188102499 -0.000605442154 6076.2753858695
0.197952598 -0.000583959743 5913.85186816562
0.20808737 -0.000568223302 5822.69152595442
0.218482539 -0.00056047854 5800.8357598648
0.229110733 -0.000560967659 5817.69233280615
0.239941671 -0.000565488474 5826.07943549966
0.250942498 -0.000567595707 5791.39442975955
0.262078047 -0.000563557493 5702.74391169061
0.273311466 -0.000554089551 5570.79724222844
0.28460446 -0.000540942827 5409.57196091331
0.295917958 -0.000525275653 5230.94210873859
0.307212591 -0.000507933844 5047.72668774978
0.318449229 -0.000489941915 4872.64832598922
0.329589576 -0.000472706597 4715.79025641408
0.340596676 -0.000457529124 4581.87884501783
0.351435304 -0.000444974081 4471.77698640424
0.362072468 -0.000434687274 4383.0889304503
0.372477829 -0.000426247367 4312.83470605942
0.382623851 -0.000419496384 4258.24961789073
0.392486155 -0.000414303417 4216.08861113622
0.402043581 -0.000410451408 4182.75593781384
0.411278367 -0.000407615822 4154.82878015269
0.420176059 -0.00040541566 4129.8328194298
0.428725481 -0.000403457496 4105.46051453346
0.436918706 -0.000401615252 4081.53513629815
0.444750726 -0.000399590179 4055.90792183989
0.452219486 -0.000398122153 4036.00068312467
0.4592030645 -0.0003956874865 4007.70064830278
0.466186643 -0.00039325282 3979.40061348089
0.473047853 -0.000390987552 3953.61711997494
0.479909033 -0.000388538843 3926.23752362827
0.486770242 -0.000385978608 3898.14956531055
0.493631423 -0.000383328093 3869.61277332694
0.500492632 -0.000380604208 3840.77584387166
0.507353783 -0.000377824676 3811.77926799958
0.514214993 -0.000375008385 3782.77013098764
0.521076202 -0.000372173323 3753.880181779
0.527937412 -0.000369336049 3725.22902972543
0.534798563 -0.00036651158 3696.9199391397
0.541659772 -0.000363713683 3669.04097851699
0.548520982 -0.000360954087 3641.65919915162
0.555382192 -0.000358243211 3614.835349185
0.562243342 -0.000355588825 3588.62551463357
0.569104552 -0.000352996343 3563.07702434671
0.575965762 -0.000350469665 3538.21543218944
0.582826912 -0.000348013098 3514.0369442258
0.589688122 -0.000345632143 3490.52095978494
0.596549332 -0.000343332358 3467.66252065424
0.603410542 -0.000341112755 3445.46805544744
0.610271692 -0.000338962243 3423.93842733515
0.617132902 -0.00033685955 3403.01610499201
0.623994112 -0.000334781798 3382.56319691186
0.630855262 -0.000332719093 3362.41350762176
0.637716472 -0.000330682902 3342.4563204347
0.644577682 -0.00032870649 3322.74581436224
0.651438892 -0.000326829642 3303.50561081554
0.658300042 -0.000325077039 3285.04023839591
0.665161252 -0.000323438377 3267.52612014439
0.672022462 -0.00032188659 3251.18161815352
0.678883642 -0.0003203342495 3235.87315927944
0.685744822 -0.000318781909 3220.56470040537
0.692606032 -0.00031714511 3205.45729253634
0.699467242 -0.00031543395 3189.84320853319
0.706328392 -0.00031368708 3173.62343971501
0.713189602 -0.000311966258 3156.98127434033
0.720050812 -0.000310332456 3140.28448331349
0.726911962 -0.000308830902 3124.00760471839
0.733773172 -0.000307479175 3108.58851196146
0.740634382 -0.000306260772 3094.29141554662
0.747495592 -0.000305130758 3081.15342177357
0.754356742 -0.000304028363 3068.98435709257
0.761217952 -0.000302892644 3057.42959889591
0.768079162 -0.000301677443 3046.05770740935
0.774940372 -0.000300360203 3034.45460663966
0.781801522 -0.000298945321 3022.30964549632
0.788662732 -0.000297459716 3009.46405077
0.795523942 -0.000295945472 2995.9375398872
0.802385092 -0.000294450321 2981.90860348372
0.809246302 -0.000293018558 2967.6703682792
0.816107512 -0.000291684439 2953.56490075992
0.822968721 -0.000290466618 2939.91395781046
0.829829872 -0.000289367163 2926.9706541776
0.836691082 -0.000288371928 2914.87958097665
0.843552291 -0.000287454372 2903.67025161693
0.850413442 -0.00028658018 2893.26013293578
0.857274652 -0.000285712624 2883.47863833067
0.864135861 -0.000284818845 2874.10595538169
0.870997071 -0.000283873494 2864.90123439436
0.877858222 -0.000282859692 2855.62407733321
0.884719431 -0.000281769695 2846.03289177556
0.891580641 -0.000280625944 2836.16917013225
0.898441821 -0.000279412576 2825.57904022985
0.905303001 -0.000278199208 2814.98891032745
0.912164211 -0.000276977313 2803.87641164835
0.919025421 -0.000275767903 2792.43412157211
0.925886571 -0.000274596765 2780.86461419845
0.932747781 -0.000273481593 2769.34929085477
0.939608991 -0.000272431149 2758.02823108441
0.946470201 -0.000271449273 2747.03140730495
0.953331351 -0.000270534976 2736.46646994034
0.960192561 -0.000269682059 2726.4017750777
0.967053771 -0.000268880249 2716.86507465607
0.973914921 -0.000268116331 2707.84365196413
0.980776131 -0.000267375464 2699.28844679284
0.987637341 -0.000266642572 2691.12087046852
0.994498551 -0.00026590348 2683.24189925495
1.0013597 -0.000265146344 2675.5443293688
1.00822091 -0.000264362316 2667.92168469964
1.01508212 -0.000263546273 2660.27902651639
1.02194333 -0.000262696878 2652.53895551419
1.02880454 -0.000261816196 2644.64552117434
1.03566563 -0.000260909233 2636.56557674144
1.04252684 -0.000259983091 2628.28845804361
1.04938805 -0.00025904621 2619.82321833548
1.05624926 -0.000258107466 2611.19614919183
1.06311047 -0.000257175678 2602.44698155326
1.06997168 -0.000256258762 2593.62434404351
1.07683289 -0.000255363731 2584.78403160984
1.08369398 -0.000254496088 2575.98315904758
1.09055519 -0.000253660983 2567.29138723665
1.0974164 -0.000252855272 2558.69600950261
1.10427761 -0.000252082333 2550.28977653937
1.11113882 -0.000251320773 1261.23666778261
