TITLE     = "Translation of CGNS file config_final_grid00.cgns"
VARIABLES = "CoordinateX"
"CoordinateY"
"CoordinateZ"
"P_norm"
"q_norm"
DATASETAUXDATA Common.DensityVar="9"
DATASETAUXDATA Common.MachNumberVar="9"
DATASETAUXDATA Common.PressureVar="4"
DATASETAUXDATA Common.SteadyState="TRUE"
DATASETAUXDATA Common.TemperatureVar="8"
DATASETAUXDATA Common.TurbulentViscosityVar="15"
DATASETAUXDATA Common.UVar="5"
DATASETAUXDATA Common.VectorVarsAreVelocity="TRUE"
DATASETAUXDATA Common.VVar="6"
DATASETAUXDATA Common.WVar="7"
ZONE T="Slice: Y=-1E-06"
 STRANDID=9, SOLUTIONTIME=-1
 I=514, J=1, K=1, ZONETYPE=Ordered
 DATAPACKING=BLOCK
 DT=(DOUBLE DOUBLE DOUBLE DOUBLE DOUBLE )
 1.771700000E+00 1.770137500E+00 1.768575000E+00 1.767012500E+00 1.765450000E+00
 1.763887500E+00 1.762325000E+00 1.760762500E+00 1.759200000E+00 1.757637500E+00
 1.756075000E+00 1.754512500E+00 1.752950000E+00 1.751387500E+00 1.749825000E+00
 1.748262500E+00 1.746700000E+00 1.745137500E+00 1.743575000E+00 1.742012500E+00
 1.740450000E+00 1.738887500E+00 1.737325000E+00 1.735762500E+00 1.734200000E+00
 1.732637500E+00 1.731075000E+00 1.729512500E+00 1.727950000E+00 1.726387500E+00
 1.724825000E+00 1.723262500E+00 1.721700000E+00 1.720403750E+00 1.719107500E+00
 1.717811250E+00 1.716515000E+00 1.715218750E+00 1.713922500E+00 1.712626250E+00
 1.711330000E+00 1.710033750E+00 1.708737500E+00 1.707441250E+00 1.706145000E+00
 1.704848750E+00 1.703552500E+00 1.702256250E+00 1.700960000E+00 1.699663750E+00
 1.698367500E+00 1.697071250E+00 1.695775000E+00 1.694478750E+00 1.693182500E+00
 1.691886250E+00 1.690590000E+00 1.689293750E+00 1.687997500E+00 1.686701250E+00
 1.685405000E+00 1.684108750E+00 1.682812500E+00 1.681516250E+00 1.680220000E+00
 1.678923750E+00 1.677627500E+00 1.676331250E+00 1.675035000E+00 1.673738750E+00
 1.672442500E+00 1.671146250E+00 1.669850000E+00 1.668553750E+00 1.667257500E+00
 1.665961250E+00 1.664665000E+00 1.663368750E+00 1.662072500E+00 1.660776250E+00
 1.659480000E+00 1.658183750E+00 1.656887500E+00 1.655591250E+00 1.654295000E+00
 1.652998750E+00 1.651702500E+00 1.650406250E+00 1.649110000E+00 1.647813750E+00
 1.646517500E+00 1.645221250E+00 1.643925000E+00 1.642628750E+00 1.641332500E+00
 1.640036250E+00 1.638740000E+00 1.637443750E+00 1.636147500E+00 1.634851250E+00
 1.633555000E+00 1.632258750E+00 1.630962500E+00 1.629666250E+00 1.628370000E+00
 1.627073750E+00 1.625777500E+00 1.624481250E+00 1.623185000E+00 1.621888750E+00
 1.620592500E+00 1.619296250E+00 1.618000000E+00 1.616460196E+00 1.614919970E+00
 1.613378900E+00 1.611836564E+00 1.610292540E+00 1.608746404E+00 1.607197733E+00
 1.605646103E+00 1.604091088E+00 1.602532263E+00 1.600969201E+00 1.599401472E+00
 1.597828649E+00 1.596250299E+00 1.594665991E+00 1.593075291E+00 1.591477762E+00
 1.589872967E+00 1.588260467E+00 1.586639819E+00 1.585010580E+00 1.583372304E+00
 1.581724540E+00 1.580066839E+00 1.578398746E+00 1.576719804E+00 1.575029553E+00
 1.573327530E+00 1.571613269E+00 1.569886300E+00 1.568146149E+00 1.566392341E+00
 1.564624395E+00 1.562841826E+00 1.561044146E+00 1.559230862E+00 1.557401479E+00
 1.555555494E+00 1.553692402E+00 1.551811693E+00 1.549912850E+00 1.547995355E+00
 1.546058682E+00 1.544102299E+00 1.542125673E+00 1.540128260E+00 1.538109513E+00
 1.536068880E+00 1.534005802E+00 1.531919712E+00 1.529810041E+00 1.527676209E+00
 1.525517632E+00 1.523333719E+00 1.521123872E+00 1.518887485E+00 1.516623946E+00
 1.514332634E+00 1.512012921E+00 1.509664173E+00 1.507285745E+00 1.504876987E+00
 1.502437237E+00 1.499965829E+00 1.497462085E+00 1.494925318E+00 1.492354834E+00
 1.489749929E+00 1.487109889E+00 1.484433990E+00 1.481721501E+00 1.478971677E+00
 1.476183765E+00 1.473357002E+00 1.470490614E+00 1.467583813E+00 1.464635805E+00
 1.461645783E+00 1.458612926E+00 1.455536404E+00 1.452415374E+00 1.449248981E+00
 1.446036357E+00 1.442776623E+00 1.439468886E+00 1.436112239E+00 1.432705762E+00
 1.429248523E+00 1.425739574E+00 1.422177954E+00 1.418562688E+00 1.414892784E+00
 1.411167238E+00 1.407385029E+00 1.403545120E+00 1.399646460E+00 1.395687981E+00
 1.391668598E+00 1.387587210E+00 1.383442699E+00 1.379233930E+00 1.374959748E+00
 1.370618985E+00 1.366210450E+00 1.361732936E+00 1.357185215E+00 1.352566043E+00
 1.347874153E+00 1.343108261E+00 1.338267060E+00 1.333349225E+00 1.328353407E+00
 1.323278240E+00 1.318122331E+00 1.312884269E+00 1.307562618E+00 1.302155921E+00
 1.296662697E+00 1.291081440E+00 1.285410622E+00 1.279648689E+00 1.273794062E+00
 1.267845138E+00 1.261800286E+00 1.255657852E+00 1.249416151E+00 1.243073475E+00
 1.236628085E+00 1.230078216E+00 1.223422073E+00 1.216657833E+00 1.209783643E+00
 1.202797619E+00 1.195697848E+00 1.188482384E+00 1.181149252E+00 1.173696441E+00
 1.166121911E+00 1.158423585E+00 1.150599356E+00 1.142647079E+00 1.134564577E+00
 1.126349634E+00 1.118000000E+00 1.111138807E+00 1.104277614E+00 1.097416421E+00
 1.090555227E+00 1.083694034E+00 1.076832841E+00 1.069971648E+00 1.063110455E+00
 1.056249262E+00 1.049388069E+00 1.042526876E+00 1.035665682E+00 1.028804489E+00
 1.021943296E+00 1.015082103E+00 1.008220910E+00 1.001359717E+00 9.944985237E-01
 9.876373305E-01 9.807761374E-01 9.739149443E-01 9.670537511E-01 9.601925580E-01
 9.533313649E-01 9.464701718E-01 9.396089786E-01 9.327477855E-01 9.258865924E-01
 9.190253992E-01 9.121642061E-01 9.053030130E-01 8.984418199E-01 8.915806267E-01
 8.847194336E-01 8.778582405E-01 8.709970473E-01 8.641358542E-01 8.572746611E-01
 8.504134679E-01 8.435522748E-01 8.366910817E-01 8.298298886E-01 8.229686954E-01
 8.161075023E-01 8.092463092E-01 8.023851160E-01 7.955239229E-01 7.886627298E-01
 7.818015366E-01 7.749403435E-01 7.680791504E-01 7.612179573E-01 7.543567641E-01
 7.474955710E-01 7.406343779E-01 7.337731847E-01 7.269119916E-01 7.200507985E-01
 7.131896054E-01 7.063284122E-01 6.994672191E-01 6.926060260E-01 6.857448328E-01
 6.788836397E-01 6.720224466E-01 6.651612534E-01 6.583000603E-01 6.514388672E-01
 6.445776741E-01 6.377164809E-01 6.308552878E-01 6.239940947E-01 6.171329015E-01
 6.102717084E-01 6.034105153E-01 5.965493221E-01 5.896881290E-01 5.828269359E-01
 5.759657428E-01 5.691045496E-01 5.622433565E-01 5.553821634E-01 5.485209702E-01
 5.416597771E-01 5.347985840E-01 5.279373909E-01 5.210761977E-01 5.142150046E-01
 5.073538115E-01 5.004926183E-01 4.936314252E-01 4.867702321E-01 4.799090389E-01
 4.730478458E-01 4.661866527E-01 4.593254596E-01 4.522195003E-01 4.447507403E-01
 4.369186949E-01 4.287254820E-01 4.201760475E-01 4.112783618E-01 4.020435778E-01
 3.924861416E-01 3.826238469E-01 3.724778263E-01 3.620724734E-01 3.514352917E-01
 3.405966692E-01 3.295895808E-01 3.184492217E-01 3.072125806E-01 2.959179623E-01
 2.846044722E-01 2.733114777E-01 2.620780616E-01 2.509424843E-01 2.399416697E-01
 2.291107293E-01 2.184825381E-01 2.080873703E-01 1.979526051E-01 1.881025035E-01
 1.785580621E-01 1.693369347E-01 1.604534307E-01 1.519185699E-01 1.437401931E-01
 1.359231259E-01 1.284693738E-01 1.213783504E-01 1.146471223E-01 1.082706700E-01
 1.022421487E-01 9.655314946E-02 9.119395315E-02 8.615376899E-02 8.142096427E-02
 7.698326947E-02 7.282796974E-02 6.894207424E-02 6.531246557E-02 6.192603169E-02
 5.876977605E-02 5.583091427E-02 5.309694925E-02 5.055573946E-02 4.819554420E-02
 4.600506339E-02 4.397346588E-02 4.209040703E-02 4.034603975E-02 3.873101742E-02
 3.723649363E-02 3.585411489E-02 3.457601102E-02 3.339478199E-02 3.230348257E-02
 3.129560543E-02 3.036506272E-02 2.950616703E-02 2.871361183E-02 2.798245172E-02
 2.730808280E-02 2.668622327E-02 2.611289445E-02 2.558440237E-02 2.509732001E-02
 2.464847014E-02 2.423490902E-02 2.385391084E-02 2.350295288E-02 2.317970157E-02
 2.288199928E-02 2.260785183E-02 2.235541685E-02 2.212299281E-02 2.190900875E-02
 2.171201468E-02 2.153067264E-02 2.136374834E-02 2.121010340E-02 2.106868810E-02
 2.093853468E-02 2.081875108E-02 2.070851518E-02 2.060706939E-02 2.051371572E-02
 2.042781116E-02 2.034876339E-02 2.027602689E-02 2.020909926E-02 2.015301120E-02
 2.009710652E-02 2.004141593E-02 1.998596788E-02 1.993079059E-02 1.987591231E-02
 1.982136111E-02 1.976716490E-02 1.971335147E-02 1.965994834E-02 1.960698290E-02
 1.955448227E-02 1.950247335E-02 1.945098283E-02 1.940003705E-02 1.934966215E-02
 1.929988396E-02 1.925072798E-02 1.920221944E-02 1.915438320E-02 1.910724381E-02
 1.906082545E-02 1.901515194E-02 1.897024672E-02 1.892613284E-02 1.888283299E-02
 1.884036942E-02 1.879876395E-02 1.875803802E-02 1.871821260E-02 1.867930819E-02
 1.864134350E-02 1.860432964E-02 1.856829310E-02 1.853325404E-02 1.849923048E-02
 1.846623978E-02 1.843429876E-02 1.840342365E-02 1.837363016E-02 1.834493344E-02
 1.831734809E-02 1.829088815E-02 1.826556711E-02 1.824139786E-02 1.821839274E-02
 1.819656349E-02 1.817592124E-02 1.815647655E-02 1.813823935E-02 1.812121897E-02
 1.810542413E-02 1.809086290E-02 1.807754275E-02 1.806547051E-02 1.805465235E-02
 1.804509383E-02 1.803679985E-02 1.802977467E-02 1.802402188E-02 1.801954444E-02
 1.801634466E-02 1.801442416E-02 1.801378394E-02 1.801442416E-02
 -1.000000000E-06 -1.000000000E-06 -1.000000000E-06 -1.000000000E-06 -1.000000000E-06
 -1.000000000E-06 -1.000000000E-06 -1.000000000E-06 -1.000000000E-06 -1.000000000E-06
 -1.000000000E-06 -1.000000000E-06 -1.000000000E-06 -1.000000000E-06 -1.000000000E-06
 -1.000000000E-06 -1.000000000E-06 -1.000000000E-06 -1.000000000E-06 -1.000000000E-06
 -1.000000000E-06 -1.000000000E-06 -1.000000000E-06 -1.000000000E-06 -1.000000000E-06
 -1.000000000E-06 -1.000000000E-06 -1.000000000E-06 -1.000000000E-06 -1.000000000E-06
 -1.000000000E-06 -1.000000000E-06 -1.000000000E-06 -1.000000000E-06 -1.000000000E-06
 -1.000000000E-06 -1.000000000E-06 -1.000000000E-06 -1.000000000E-06 -1.000000000E-06
 -1.000000000E-06 -1.000000000E-06 -1.000000000E-06 -1.000000000E-06 -1.000000000E-06
 -1.000000000E-06 -1.000000000E-06 -1.000000000E-06 -1.000000000E-06 -1.000000000E-06
 -1.000000000E-06 -1.000000000E-06 -1.000000000E-06 -1.000000000E-06 -1.000000000E-06
 -1.000000000E-06 -1.000000000E-06 -1.000000000E-06 -1.000000000E-06 -1.000000000E-06
 -1.000000000E-06 -1.000000000E-06 -1.000000000E-06 -1.000000000E-06 -1.000000000E-06
 -1.000000000E-06 -1.000000000E-06 -1.000000000E-06 -1.000000000E-06 -1.000000000E-06
 -1.000000000E-06 -1.000000000E-06 -1.000000000E-06 -1.000000000E-06 -1.000000000E-06
 -1.000000000E-06 -1.000000000E-06 -1.000000000E-06 -1.000000000E-06 -1.000000000E-06
 -1.000000000E-06 -1.000000000E-06 -1.000000000E-06 -1.000000000E-06 -1.000000000E-06
 -1.000000000E-06 -1.000000000E-06 -1.000000000E-06 -1.000000000E-06 -1.000000000E-06
 -1.000000000E-06 -1.000000000E-06 -1.000000000E-06 -1.000000000E-06 -1.000000000E-06
 -1.000000000E-06 -1.000000000E-06 -1.000000000E-06 -1.000000000E-06 -1.000000000E-06
 -1.000000000E-06 -1.000000000E-06 -1.000000000E-06 -1.000000000E-06 -1.000000000E-06
 -1.000000000E-06 -1.000000000E-06 -1.000000000E-06 -1.000000000E-06 -1.000000000E-06
 -1.000000000E-06 -1.000000000E-06 -1.000000000E-06 -1.000000000E-06 -1.000000000E-06
 -1.000000000E-06 -1.000000000E-06 -1.000000000E-06 -1.000000000E-06 -1.000000000E-06
 -1.000000000E-06 -1.000000000E-06 -1.000000000E-06 -1.000000000E-06 -1.000000000E-06
 -1.000000000E-06 -1.000000000E-06 -1.000000000E-06 -1.000000000E-06 -1.000000000E-06
 -1.000000000E-06 -1.000000000E-06 -1.000000000E-06 -1.000000000E-06 -1.000000000E-06
 -1.000000000E-06 -1.000000000E-06 -1.000000000E-06 -1.000000000E-06 -1.000000000E-06
 -1.000000000E-06 -1.000000000E-06 -1.000000000E-06 -1.000000000E-06 -1.000000000E-06
 -1.000000000E-06 -1.000000000E-06 -1.000000000E-06 -1.000000000E-06 -1.000000000E-06
 -1.000000000E-06 -1.000000000E-06 -1.000000000E-06 -1.000000000E-06 -1.000000000E-06
 -1.000000000E-06 -1.000000000E-06 -1.000000000E-06 -1.000000000E-06 -1.000000000E-06
 -1.000000000E-06 -1.000000000E-06 -1.000000000E-06 -1.000000000E-06 -1.000000000E-06
 -1.000000000E-06 -1.000000000E-06 -1.000000000E-06 -1.000000000E-06 -1.000000000E-06
 -1.000000000E-06 -1.000000000E-06 -1.000000000E-06 -1.000000000E-06 -1.000000000E-06
 -1.000000000E-06 -1.000000000E-06 -1.000000000E-06 -1.000000000E-06 -1.000000000E-06
 -1.000000000E-06 -1.000000000E-06 -1.000000000E-06 -1.000000000E-06 -1.000000000E-06
 -1.000000000E-06 -1.000000000E-06 -1.000000000E-06 -1.000000000E-06 -1.000000000E-06
 -1.000000000E-06 -1.000000000E-06 -1.000000000E-06 -1.000000000E-06 -1.000000000E-06
 -1.000000000E-06 -1.000000000E-06 -1.000000000E-06 -1.000000000E-06 -1.000000000E-06
 -1.000000000E-06 -1.000000000E-06 -1.000000000E-06 -1.000000000E-06 -1.000000000E-06
 -1.000000000E-06 -1.000000000E-06 -1.000000000E-06 -1.000000000E-06 -1.000000000E-06
 -1.000000000E-06 -1.000000000E-06 -1.000000000E-06 -1.000000000E-06 -1.000000000E-06
 -1.000000000E-06 -1.000000000E-06 -1.000000000E-06 -1.000000000E-06 -1.000000000E-06
 -1.000000000E-06 -1.000000000E-06 -1.000000000E-06 -1.000000000E-06 -1.000000000E-06
 -1.000000000E-06 -1.000000000E-06 -1.000000000E-06 -1.000000000E-06 -1.000000000E-06
 -1.000000000E-06 -1.000000000E-06 -1.000000000E-06 -1.000000000E-06 -1.000000000E-06
 -1.000000000E-06 -1.000000000E-06 -1.000000000E-06 -1.000000000E-06 -1.000000000E-06
 -1.000000000E-06 -1.000000000E-06 -1.000000000E-06 -1.000000000E-06 -1.000000000E-06
 -1.000000000E-06 -1.000000000E-06 -1.000000000E-06 -1.000000000E-06 -1.000000000E-06
 -1.000000000E-06 -1.000000000E-06 -1.000000000E-06 -1.000000000E-06 -1.000000000E-06
 -1.000000000E-06 -1.000000000E-06 -1.000000000E-06 -1.000000000E-06 -1.000000000E-06
 -1.000000000E-06 -1.000000000E-06 -1.000000000E-06 -1.000000000E-06 -1.000000000E-06
 -1.000000000E-06 -1.000000000E-06 -1.000000000E-06 -1.000000000E-06 -1.000000000E-06
 -1.000000000E-06 -1.000000000E-06 -1.000000000E-06 -1.000000000E-06 -1.000000000E-06
 -1.000000000E-06 -1.000000000E-06 -1.000000000E-06 -1.000000000E-06 -1.000000000E-06
 -1.000000000E-06 -1.000000000E-06 -1.000000000E-06 -1.000000000E-06 -1.000000000E-06
 -1.000000000E-06 -1.000000000E-06 -1.000000000E-06 -1.000000000E-06 -1.000000000E-06
 -1.000000000E-06 -1.000000000E-06 -1.000000000E-06 -1.000000000E-06 -1.000000000E-06
 -1.000000000E-06 -1.000000000E-06 -1.000000000E-06 -1.000000000E-06 -1.000000000E-06
 -1.000000000E-06 -1.000000000E-06 -1.000000000E-06 -1.000000000E-06 -1.000000000E-06
 -1.000000000E-06 -1.000000000E-06 -1.000000000E-06 -1.000000000E-06 -1.000000000E-06
 -1.000000000E-06 -1.000000000E-06 -1.000000000E-06 -1.000000000E-06 -1.000000000E-06
 -1.000000000E-06 -1.000000000E-06 -1.000000000E-06 -1.000000000E-06 -1.000000000E-06
 -1.000000000E-06 -1.000000000E-06 -1.000000000E-06 -1.000000000E-06 -1.000000000E-06
 -1.000000000E-06 -1.000000000E-06 -1.000000000E-06 -1.000000000E-06 -1.000000000E-06
 -1.000000000E-06 -1.000000000E-06 -1.000000000E-06 -1.000000000E-06 -1.000000000E-06
 -1.000000000E-06 -1.000000000E-06 -1.000000000E-06 -1.000000000E-06 -1.000000000E-06
 -1.000000000E-06 -1.000000000E-06 -1.000000000E-06 -1.000000000E-06 -1.000000000E-06
 -1.000000000E-06 -1.000000000E-06 -1.000000000E-06 -1.000000000E-06 -1.000000000E-06
 -1.000000000E-06 -1.000000000E-06 -1.000000000E-06 -1.000000000E-06 -1.000000000E-06
 -1.000000000E-06 -1.000000000E-06 -1.000000000E-06 -1.000000000E-06 -1.000000000E-06
 -1.000000000E-06 -1.000000000E-06 -1.000000000E-06 -1.000000000E-06 -1.000000000E-06
 -1.000000000E-06 -1.000000000E-06 -1.000000000E-06 -1.000000000E-06 -1.000000000E-06
 -1.000000000E-06 -1.000000000E-06 -1.000000000E-06 -1.000000000E-06 -1.000000000E-06
 -1.000000000E-06 -1.000000000E-06 -1.000000000E-06 -1.000000000E-06 -1.000000000E-06
 -1.000000000E-06 -1.000000000E-06 -1.000000000E-06 -1.000000000E-06 -1.000000000E-06
 -1.000000000E-06 -1.000000000E-06 -1.000000000E-06 -1.000000000E-06 -1.000000000E-06
 -1.000000000E-06 -1.000000000E-06 -1.000000000E-06 -1.000000000E-06 -1.000000000E-06
 -1.000000000E-06 -1.000000000E-06 -1.000000000E-06 -1.000000000E-06 -1.000000000E-06
 -1.000000000E-06 -1.000000000E-06 -1.000000000E-06 -1.000000000E-06 -1.000000000E-06
 -1.000000000E-06 -1.000000000E-06 -1.000000000E-06 -1.000000000E-06 -1.000000000E-06
 -1.000000000E-06 -1.000000000E-06 -1.000000000E-06 -1.000000000E-06 -1.000000000E-06
 -1.000000000E-06 -1.000000000E-06 -1.000000000E-06 -1.000000000E-06 -1.000000000E-06
 -1.000000000E-06 -1.000000000E-06 -1.000000000E-06 -1.000000000E-06 -1.000000000E-06
 -1.000000000E-06 -1.000000000E-06 -1.000000000E-06 -1.000000000E-06 -1.000000000E-06
 -1.000000000E-06 -1.000000000E-06 -1.000000000E-06 -1.000000000E-06 -1.000000000E-06
 -1.000000000E-06 -1.000000000E-06 -1.000000000E-06 -1.000000000E-06 -1.000000000E-06
 -1.000000000E-06 -1.000000000E-06 -1.000000000E-06 -1.000000000E-06 -1.000000000E-06
 -1.000000000E-06 -1.000000000E-06 -1.000000000E-06 -1.000000000E-06 -1.000000000E-06
 -1.000000000E-06 -1.000000000E-06 -1.000000000E-06 -1.000000000E-06 -1.000000000E-06
 -1.000000000E-06 -1.000000000E-06 -1.000000000E-06 -1.000000000E-06 -1.000000000E-06
 -1.000000000E-06 -1.000000000E-06 -1.000000000E-06 -1.000000000E-06 -1.000000000E-06
 -1.000000000E-06 -1.000000000E-06 -1.000000000E-06 -1.000000000E-06 -1.000000000E-06
 -1.000000000E-06 -1.000000000E-06 -1.000000000E-06 -1.000000000E-06 -1.000000000E-06
 -1.000000000E-06 -1.000000000E-06 -1.000000000E-06 -1.000000000E-06 -1.000000000E-06
 -1.000000000E-06 -1.000000000E-06 -1.000000000E-06 -1.000000000E-06 -1.000000000E-06
 -1.000000000E-06 -1.000000000E-06 -1.000000000E-06 -1.000000000E-06 -1.000000000E-06
 -1.000000000E-06 -1.000000000E-06 -1.000000000E-06 -1.000000000E-06 -1.000000000E-06
 -1.000000000E-06 -1.000000000E-06 -1.000000000E-06 -1.000000000E-06 -1.000000000E-06
 -1.000000000E-06 -1.000000000E-06 -1.000000000E-06 -1.000000000E-06 -1.000000000E-06
 -1.000000000E-06 -1.000000000E-06 -1.000000000E-06 -1.000000000E-06 -1.000000000E-06
 -1.000000000E-06 -1.000000000E-06 -1.000000000E-06 -1.000000000E-06
 2.045999877E-01 2.045999877E-01 2.045999877E-01 2.045999877E-01 2.045999877E-01
 2.045999877E-01 2.045999877E-01 2.045999877E-01 2.045999877E-01 2.045999877E-01
 2.045999877E-01 2.045999877E-01 2.045999877E-01 2.045999877E-01 2.045999877E-01
 2.045999877E-01 2.045999877E-01 2.045999877E-01 2.045999877E-01 2.045999877E-01
 2.045999877E-01 2.045999877E-01 2.045999877E-01 2.045999877E-01 2.045999877E-01
 2.045999877E-01 2.045999877E-01 2.045999877E-01 2.045999877E-01 2.045999877E-01
 2.045999877E-01 2.045999877E-01 2.045999877E-01 2.037581127E-01 2.029162377E-01
 2.020743627E-01 2.012324877E-01 2.003906127E-01 1.995487377E-01 1.987068627E-01
 1.978649877E-01 1.970231127E-01 1.961812377E-01 1.953393627E-01 1.944974877E-01
 1.936556127E-01 1.928137377E-01 1.919718627E-01 1.911299877E-01 1.902881127E-01
 1.894462377E-01 1.886043627E-01 1.877624877E-01 1.869206127E-01 1.860787377E-01
 1.852368627E-01 1.843949877E-01 1.835531127E-01 1.827112377E-01 1.818693627E-01
 1.810274877E-01 1.801856127E-01 1.793437377E-01 1.785018627E-01 1.776599877E-01
 1.768181127E-01 1.759762377E-01 1.751343627E-01 1.742924877E-01 1.734506127E-01
 1.726087377E-01 1.717668627E-01 1.709249877E-01 1.700831127E-01 1.692412377E-01
 1.683993627E-01 1.675574877E-01 1.667156127E-01 1.658737377E-01 1.650318627E-01
 1.641899877E-01 1.633481127E-01 1.625062377E-01 1.616643627E-01 1.608224877E-01
 1.599806127E-01 1.591387377E-01 1.582968627E-01 1.574549877E-01 1.566131127E-01
 1.557712377E-01 1.549293627E-01 1.540874877E-01 1.532456127E-01 1.524037377E-01
 1.515618627E-01 1.507199877E-01 1.498781127E-01 1.490362377E-01 1.481943627E-01
 1.473524877E-01 1.465106127E-01 1.456687377E-01 1.448268627E-01 1.439849877E-01
 1.431431127E-01 1.423012377E-01 1.414593627E-01 1.406174877E-01 1.397756127E-01
 1.389337377E-01 1.380918627E-01 1.372499877E-01 1.372499877E-01 1.372499877E-01
 1.372499877E-01 1.372499877E-01 1.372499877E-01 1.372499877E-01 1.372499877E-01
 1.372499877E-01 1.372499877E-01 1.372499877E-01 1.372499877E-01 1.372499877E-01
 1.372499877E-01 1.372499877E-01 1.372499877E-01 1.372499877E-01 1.372499877E-01
 1.372499877E-01 1.372499877E-01 1.372499877E-01 1.372499877E-01 1.372499877E-01
 1.372499877E-01 1.372499877E-01 1.372499877E-01 1.372499877E-01 1.372499877E-01
 1.372499877E-01 1.372499877E-01 1.372499877E-01 1.372499877E-01 1.372499877E-01
 1.372499877E-01 1.372499877E-01 1.372499877E-01 1.372499877E-01 1.372499877E-01
 1.372499877E-01 1.372499877E-01 1.372499877E-01 1.372499877E-01 1.372499877E-01
 1.372499877E-01 1.372499877E-01 1.372499877E-01 1.372499877E-01 1.372499877E-01
 1.372499877E-01 1.372499877E-01 1.372499877E-01 1.372499877E-01 1.372499877E-01
 1.372499877E-01 1.372499877E-01 1.372499877E-01 1.372499877E-01 1.372499877E-01
 1.372499877E-01 1.372499877E-01 1.372499877E-01 1.372499877E-01 1.372499877E-01
 1.372499877E-01 1.372499877E-01 1.372499877E-01 1.372499877E-01 1.372499877E-01
 1.372499877E-01 1.372499877E-01 1.372499877E-01 1.372499877E-01 1.372499877E-01
 1.372499877E-01 1.372499877E-01 1.372499877E-01 1.372499877E-01 1.372499877E-01
 1.372499877E-01 1.372499877E-01 1.372499877E-01 1.372499877E-01 1.372499877E-01
 1.372499877E-01 1.372499877E-01 1.372499877E-01 1.372499877E-01 1.372499877E-01
 1.372499877E-01 1.372499877E-01 1.372499877E-01 1.372499877E-01 1.372499877E-01
 1.372499877E-01 1.372499877E-01 1.372499877E-01 1.372499877E-01 1.372499877E-01
 1.372499877E-01 1.372499877E-01 1.372499877E-01 1.372499877E-01 1.372499877E-01
 1.372499877E-01 1.372499877E-01 1.372499877E-01 1.372499877E-01 1.372499877E-01
 1.372499877E-01 1.372499877E-01 1.372499877E-01 1.372499877E-01 1.372499877E-01
 1.372499877E-01 1.372499877E-01 1.372499877E-01 1.372499877E-01 1.372499877E-01
 1.372499877E-01 1.372499877E-01 1.372499877E-01 1.372499877E-01 1.372499877E-01
 1.372499877E-01 1.372499877E-01 1.372499877E-01 1.372499877E-01 1.372499877E-01
 1.372499877E-01 1.372499877E-01 1.372499877E-01 1.372499877E-01 1.372499877E-01
 1.372499877E-01 1.372499877E-01 1.372499877E-01 1.372499877E-01 1.372499877E-01
 1.372499877E-01 1.372499877E-01 1.372499877E-01 1.372499877E-01 1.372499877E-01
 1.372499877E-01 1.372499877E-01 1.364076838E-01 1.355653798E-01 1.347230758E-01
 1.338807719E-01 1.330384679E-01 1.321961639E-01 1.313538600E-01 1.305115560E-01
 1.296692520E-01 1.288269481E-01 1.279846441E-01 1.271423401E-01 1.263000362E-01
 1.254577322E-01 1.246154282E-01 1.237731243E-01 1.229308203E-01 1.220885163E-01
 1.212462124E-01 1.204039084E-01 1.195616044E-01 1.187193005E-01 1.178769965E-01
 1.170346925E-01 1.161923886E-01 1.153500846E-01 1.145077806E-01 1.136654767E-01
 1.128231727E-01 1.119808687E-01 1.111385648E-01 1.102962608E-01 1.094539568E-01
 1.086116529E-01 1.077693489E-01 1.069270449E-01 1.060847410E-01 1.052424370E-01
 1.044001330E-01 1.035578291E-01 1.027155251E-01 1.018732211E-01 1.010309172E-01
 1.001886132E-01 9.934630924E-02 9.850400527E-02 9.766170131E-02 9.681939734E-02
 9.597709337E-02 9.513478941E-02 9.429248544E-02 9.345018148E-02 9.260787751E-02
 9.176557354E-02 9.092326958E-02 9.008096561E-02 8.923866164E-02 8.839635768E-02
 8.755405371E-02 8.671174974E-02 8.586944578E-02 8.502714181E-02 8.418483785E-02
 8.334253388E-02 8.250022991E-02 8.165792595E-02 8.081562198E-02 7.997331801E-02
 7.913101405E-02 7.828871008E-02 7.744640611E-02 7.660410215E-02 7.576179818E-02
 7.491949422E-02 7.407719025E-02 7.323488628E-02 7.239258232E-02 7.155027835E-02
 7.070797438E-02 6.986567042E-02 6.902336645E-02 6.818106248E-02 6.733875852E-02
 6.649645455E-02 6.565415059E-02 6.481184662E-02 6.396954265E-02 6.312723869E-02
 6.228493472E-02 6.144263075E-02 6.060032679E-02 5.975802282E-02 5.891571885E-02
 5.807341489E-02 5.723111092E-02 5.638880695E-02 5.551645465E-02 5.459956365E-02
 5.363807448E-02 5.263224713E-02 5.158268877E-02 5.049037788E-02 4.935668363E-02
 4.818337947E-02 4.697264983E-02 4.572708900E-02 4.444969164E-02 4.314383417E-02
 4.181324712E-02 4.046197860E-02 3.909434931E-02 3.771490012E-02 3.632833344E-02
 3.493944999E-02 3.355308265E-02 3.217402936E-02 3.080698711E-02 2.945648879E-02
 2.812684483E-02 2.682209105E-02 2.554594405E-02 2.430176497E-02 2.309253219E-02
 2.192082332E-02 2.078880560E-02 1.969823571E-02 1.865046647E-02 1.764646045E-02
 1.668681005E-02 1.577176148E-02 1.490124276E-02 1.407489374E-02 1.329209825E-02
 1.255201598E-02 1.185361462E-02 1.119570101E-02 1.057695045E-02 9.995934858E-03
 9.451147988E-03 8.941028920E-03 8.463982854E-03 8.018399451E-03 7.602669033E-03
 7.215196097E-03 6.854411189E-03 6.518780120E-03 6.206812355E-03 5.917066565E-03
 5.648155511E-03 5.398749525E-03 5.167578661E-03 4.953434058E-03 4.755168292E-03
 4.571695346E-03 4.401989718E-03 4.245085235E-03 4.100073444E-03 3.966101727E-03
 3.842371218E-03 3.728134554E-03 3.622693528E-03 3.525396691E-03 3.435636929E-03
 3.352849052E-03 3.276507410E-03 3.206123567E-03 3.141244039E-03 3.081448111E-03
 3.026345738E-03 2.975575535E-03 2.928802870E-03 2.885718049E-03 2.846034593E-03
 2.809487622E-03 2.775832326E-03 2.744842529E-03 2.716309345E-03 2.690039916E-03
 2.665856238E-03 2.643594057E-03 2.623101849E-03 2.604239861E-03 2.586879226E-03
 2.570901139E-03 2.556196088E-03 2.542663144E-03 2.530209306E-03 2.518748884E-03
 2.508202940E-03 2.498498761E-03 2.489569375E-03 2.481353106E-03 2.473821047E-03
 2.465021108E-03 2.454958085E-03 2.443637155E-03 2.431064112E-03 2.417245411E-03
 2.402188142E-03 2.385900020E-03 2.368389415E-03 2.349665295E-03 2.329737277E-03
 2.308615584E-03 2.286311044E-03 2.262835122E-03 2.238199848E-03 2.212417878E-03
 2.185502451E-03 2.157467378E-03 2.128327073E-03 2.098096496E-03 2.066791206E-03
 2.034427284E-03 2.001021386E-03 1.966590718E-03 1.931153002E-03 1.894726542E-03
 1.857330131E-03 1.818983107E-03 1.779705346E-03 1.739517211E-03 1.698439569E-03
 1.656492240E-03 1.613686709E-03 1.570053007E-03 1.525615543E-03 1.480397324E-03
 1.434421539E-03 1.387711759E-03 1.340291855E-03 1.292186071E-03 1.243418966E-03
 1.194015468E-03 1.144000787E-03 1.093400500E-03 1.042240450E-03 9.905467711E-04
 9.383458920E-04 8.856644979E-04 8.325295165E-04 7.789681142E-04 7.250077097E-04
 6.706759004E-04 6.160005092E-04 5.610094953E-04 5.057310578E-04 4.501934713E-04
 3.944251935E-04 3.384547978E-04 2.823109342E-04 2.260223950E-04 1.696179820E-04
 1.131266138E-04 5.657716488E-05 4.596953189E-13 -5.657715513E-05
 1.763386837E+00 1.776019056E+00 1.797381578E+00 1.815793754E+00 1.835389630E+00
 1.855709535E+00 1.876998533E+00 1.899302990E+00 1.922728351E+00 1.947374234E+00
 1.973357624E+00 2.000808286E+00 2.029870514E+00 2.060700811E+00 2.093466640E+00
 2.128346542E+00 2.165530457E+00 2.205229453E+00 2.247689975E+00 2.293214813E+00
 2.342176639E+00 2.395031036E+00 2.452297388E+00 2.514748491E+00 2.583642290E+00
 2.660940541E+00 2.749694662E+00 2.854503910E+00 2.982945040E+00 3.152779060E+00
 3.421448053E+00 3.659768420E+00 1.168355618E+01 1.967700855E+01 1.971268981E+01
 1.971141925E+01 1.971547745E+01 1.972427920E+01 1.973769374E+01 1.975485929E+01
 1.977395042E+01 1.979360791E+01 1.981400841E+01 1.983558497E+01 1.985816849E+01
 1.988159652E+01 1.990582613E+01 1.993057703E+01 1.995544616E+01 1.997975571E+01
 2.000280592E+01 2.002420760E+01 2.004434108E+01 2.006466159E+01 2.008714789E+01
 2.011346283E+01 2.014383775E+01 2.017633557E+01 2.020718797E+01 2.023277351E+01
 2.025192416E+01 2.026393712E+01 2.026817530E+01 2.025572385E+01 2.021856767E+01
 2.015863697E+01 2.007811844E+01 1.998017371E+01 1.986814685E+01 1.974299398E+01
 1.960134502E+01 1.943693298E+01 1.924245647E+01 1.901188229E+01 1.874392717E+01
 1.844271662E+01 1.811708318E+01 1.777527003E+01 1.742157283E+01 1.705796207E+01
 1.668432469E+01 1.630041088E+01 1.590711221E+01 1.550644988E+01 1.510073156E+01
 1.469195882E+01 1.428162014E+01 1.387065141E+01 1.345951494E+01 1.304854320E+01
 1.263838873E+01 1.223011820E+01 1.182472598E+01 1.142243121E+01 1.102263923E+01
 1.062469638E+01 1.022867590E+01 9.835292048E+00 9.445173777E+00 9.058267996E+00
 8.673739329E+00 8.290258648E+00 7.906090030E+00 7.518074899E+00 7.120787971E+00
 6.706621644E+00 6.260552989E+00 5.760915493E+00 5.174385786E+00 4.486522254E+00
 3.715213220E+00 2.930553206E+00 2.040891516E+00 1.541357475E+00 1.350883761E+00
 9.853245064E-01 7.527550780E-01 6.817785570E-01 6.772593424E-01 6.765681837E-01
 6.762440331E-01 6.759621183E-01 6.756848418E-01 6.754082252E-01 6.751316501E-01
 6.748549853E-01 6.745781989E-01 6.743012596E-01 6.740240980E-01 6.737466374E-01
 6.734688347E-01 6.731906394E-01 6.729120099E-01 6.726328990E-01 6.723532489E-01
 6.720730342E-01 6.717922441E-01 6.715108550E-01 6.712288191E-01 6.709461037E-01
 6.706626602E-01 6.703784264E-01 6.700933645E-01 6.698074507E-01 6.695206699E-01
 6.692330021E-01 6.689444328E-01 6.686549416E-01 6.683645086E-01 6.680731230E-01
 6.677807691E-01 6.674874461E-01 6.671931573E-01 6.668979055E-01 6.666016904E-01
 6.663045240E-01 6.660064430E-01 6.657074725E-01 6.654076298E-01 6.651069426E-01
 6.648054579E-01 6.645032337E-01 6.642003486E-01 6.638969055E-01 6.635930301E-01
 6.632888496E-01 6.629844555E-01 6.626799934E-01 6.623756415E-01 6.620715062E-01
 6.617676913E-01 6.614643337E-01 6.611616136E-01 6.608597607E-01 6.605590401E-01
 6.602597245E-01 6.599620932E-01 6.596664640E-01 6.593731606E-01 6.590825436E-01
 6.587950227E-01 6.585110288E-01 6.582310375E-01 6.579555513E-01 6.576850545E-01
 6.574200714E-01 6.571613604E-01 6.569098887E-01 6.566664252E-01 6.564315829E-01
 6.562060294E-01 6.559907621E-01 6.557870145E-01 6.555959350E-01 6.554187532E-01
 6.552568716E-01 6.551118872E-01 6.549855165E-01 6.548796730E-01 6.547964112E-01
 6.547376145E-01 6.547034064E-01 6.546900904E-01 6.547013460E-01 6.547480555E-01
 6.548339257E-01 6.549595813E-01 6.551278403E-01 6.553421611E-01 6.556063114E-01
 6.559243921E-01 6.563008566E-01 6.567406333E-01 6.572490386E-01 6.578316472E-01
 6.584947386E-01 6.592452092E-01 6.600903379E-01 6.610380039E-01 6.620968715E-01
 6.632764197E-01 6.645867696E-01 6.660388060E-01 6.676444438E-01 6.694164667E-01
 6.713684574E-01 6.735152105E-01 6.758725744E-01 6.784572698E-01 6.812868806E-01
 6.843798862E-01 6.877567628E-01 6.914402354E-01 6.954545321E-01 6.998254777E-01
 7.045810957E-01 7.097512602E-01 7.153672077E-01 7.214617400E-01 7.280699704E-01
 7.352310676E-01 7.429906128E-01 7.514034614E-01 7.605362644E-01 7.704680590E-01
 7.812918825E-01 7.931238062E-01 8.061251612E-01 8.205374819E-01 8.367228512E-01
 8.552039596E-01 8.767080305E-01 9.024019158E-01 9.346343310E-01 9.791025070E-01
 1.046974660E+00 1.472842289E+00 1.857080767E+00 1.857120212E+00 1.857317472E+00
 1.857460022E+00 1.857571302E+00 1.857663483E+00 1.857731759E+00 1.857778954E+00
 1.857804716E+00 1.857808690E+00 1.857789600E+00 1.857752157E+00 1.857701326E+00
 1.857636764E+00 1.857559180E+00 1.857469360E+00 1.857368215E+00 1.857257828E+00
 1.857141649E+00 1.857024877E+00 1.856914588E+00 1.856818393E+00 1.856742495E+00
 1.856690128E+00 1.856661205E+00 1.856655329E+00 1.856680235E+00 1.856741267E+00
 1.856832996E+00 1.856949462E+00 1.857084999E+00 1.857232913E+00 1.857386164E+00
 1.857537718E+00 1.857680910E+00 1.857810231E+00 1.857921617E+00 1.858012990E+00
 1.858084523E+00 1.858136809E+00 1.858168816E+00 1.858176759E+00 1.858156091E+00
 1.858110159E+00 1.858043871E+00 1.857959769E+00 1.857864776E+00 1.857768314E+00
 1.857681087E+00 1.857612481E+00 1.857567789E+00 1.857547633E+00 1.857557560E+00
 1.857609000E+00 1.857700387E+00 1.857819169E+00 1.857952066E+00 1.858083941E+00
 1.858200288E+00 1.858288298E+00 1.858335446E+00 1.858334426E+00 1.858284023E+00
 1.858191953E+00 1.858070173E+00 1.857929645E+00 1.857784708E+00 1.857647853E+00
 1.857527022E+00 1.857425308E+00 1.857341497E+00 1.857271110E+00 1.857207682E+00
 1.857144647E+00 1.857077373E+00 1.857004277E+00 1.856926063E+00 1.856844245E+00
 1.856760741E+00 1.856677486E+00 1.856595717E+00 1.856515015E+00 1.856433770E+00
 1.856350464E+00 1.856263958E+00 1.856173058E+00 1.856077254E+00 1.855978489E+00
 1.855881886E+00 1.855793937E+00 1.855718553E+00 1.855648477E+00 1.855562934E+00
 1.855422753E+00 1.855183452E+00 1.855022514E+00 1.854718711E+00 1.854098895E+00
 1.853313886E+00 1.852275186E+00 1.851004602E+00 1.849562589E+00 1.848045201E+00
 1.846553881E+00 1.845161570E+00 1.843879639E+00 1.842647868E+00 1.841354789E+00
 1.839871756E+00 1.838101879E+00 1.836019242E+00 1.833649536E+00 1.831017795E+00
 1.828116750E+00 1.824916556E+00 1.821393579E+00 1.817540613E+00 1.813370282E+00
 1.808912184E+00 1.804193491E+00 1.799224555E+00 1.794002893E+00 1.788517276E+00
 1.782739200E+00 1.776612221E+00 1.770036611E+00 1.762870429E+00 1.754949477E+00
 1.746117733E+00 1.736269487E+00 1.725380263E+00 1.713493863E+00 1.700716209E+00
 1.687198827E+00 1.673079538E+00 1.658498011E+00 1.643721035E+00 1.629290556E+00
 1.616030822E+00 1.604915786E+00 1.596721615E+00 1.591653836E+00 1.589320176E+00
 1.589021081E+00 1.590550781E+00 1.594649042E+00 1.602444276E+00 1.614287162E+00
 1.630719569E+00 1.652562011E+00 1.679114344E+00 1.710603344E+00 1.749401239E+00
 1.794910467E+00 1.843118960E+00 1.890690261E+00 1.937019981E+00 1.985504042E+00
 2.040868923E+00 2.105426307E+00 2.177402147E+00 2.252856898E+00 2.329051656E+00
 2.405394387E+00 2.482491688E+00 2.560712103E+00 2.640901280E+00 2.723670087E+00
 2.808551087E+00 2.892785403E+00 2.973520056E+00 3.050945196E+00 3.125712104E+00
 3.200212471E+00 3.275696463E+00 3.348657616E+00 3.415005532E+00 3.473778289E+00
 3.528043392E+00 3.580574503E+00 3.634157743E+00 3.692707380E+00 3.754695092E+00
 3.814743395E+00 3.869960388E+00 3.919686381E+00 3.965375631E+00 4.011642691E+00
 4.064694299E+00 4.131441990E+00 4.224242941E+00 4.393045091E+00 4.687353800E+00
 5.069784528E+00 5.487441189E+00 5.933388621E+00 6.408339167E+00 6.913098921E+00
 7.448706016E+00 8.016553804E+00 8.618664405E+00 9.257035540E+00 9.933834356E+00
 1.065176004E+01 1.141323729E+01 1.221894120E+01 1.306730947E+01 1.395755762E+01
 1.488803792E+01 1.585550662E+01 1.685854822E+01 1.789758313E+01 1.897501327E+01
 2.009163922E+01 2.124523846E+01 2.243209402E+01 2.364698506E+01 2.488769512E+01
 2.615110977E+01 2.744542066E+01 2.876933131E+01 3.012112195E+01 3.149398367E+01
 3.294529209E+01 3.440998378E+01 3.584457924E+01 3.729403521E+01 3.871984922E+01
 4.014306098E+01 4.157343739E+01 4.300768011E+01 4.443801119E+01 4.586096615E+01
 4.727242103E+01 4.866819822E+01 5.004349588E+01 5.139200493E+01 5.270639969E+01
 5.398223271E+01 5.521621887E+01 5.640589326E+01 5.754850941E+01 5.863810508E+01
 5.966924343E+01 6.063654649E+01 6.153472560E+01 6.235981042E+01 6.310935020E+01
 6.378287519E+01 6.438280955E+01 6.491270688E+01 6.537767323E+01 6.578227373E+01
 6.613289948E+01 6.641105272E+01 6.662130907E+01 6.679212155E+01
 6.745162580E+03 6.792591105E+03 6.867074778E+03 6.926643935E+03 6.992447252E+03
 7.060606633E+03 7.131660549E+03 7.205540581E+03 7.282526964E+03 7.362815408E+03
 7.446653024E+03 7.534314974E+03 7.626085855E+03 7.722243912E+03 7.823039353E+03
 7.928662417E+03 8.039222373E+03 8.154742843E+03 8.275169235E+03 8.400387680E+03
 8.530233571E+03 8.664335671E+03 8.802707181E+03 8.946001147E+03 9.094580184E+03
 9.250159173E+03 9.419747319E+03 9.626368493E+03 9.943525133E+03 1.059615410E+04
 1.225861562E+04 1.738386610E+04 3.418041193E+04 4.760432075E+04 4.804354112E+04
 4.789322917E+04 4.780453379E+04 4.772368158E+04 4.764771597E+04 4.757486074E+04
 4.750087510E+04 4.742286988E+04 4.734183254E+04 4.725861840E+04 4.717159621E+04
 4.708007163E+04 4.698413309E+04 4.688206272E+04 4.677229609E+04 4.665365053E+04
 4.652456520E+04 4.638531240E+04 4.623821688E+04 4.608693329E+04 4.593558306E+04
 4.578567720E+04 4.563399669E+04 4.547260591E+04 4.529212769E+04 4.508613441E+04
 4.485576124E+04 4.460398834E+04 4.433416148E+04 4.403367273E+04 4.369300184E+04
 4.331686024E+04 4.290505852E+04 4.246194304E+04 4.199426687E+04 4.150594916E+04
 4.099503404E+04 4.045570187E+04 3.988074366E+04 3.926480243E+04 3.860680409E+04
 3.791923390E+04 3.721110227E+04 3.648605033E+04 3.575249255E+04 3.501230628E+04
 3.426472308E+04 3.350937868E+04 3.274764945E+04 3.198232833E+04 3.121609473E+04
 3.045095062E+04 2.968844768E+04 2.892964138E+04 2.817520206E+04 2.742553958E+04
 2.668138066E+04 2.594406426E+04 2.521487430E+04 2.449426873E+04 2.378183586E+04
 2.307731653E+04 2.238171023E+04 2.169711277E+04 2.102559669E+04 2.036851408E+04
 1.972814378E+04 1.911412802E+04 1.855154100E+04 1.807628096E+04 1.770595045E+04
 1.740402598E+04 1.708061801E+04 1.663275116E+04 1.598612150E+04 1.523283594E+04
 1.373082185E+04 1.152840981E+04 8.444732741E+03 5.531007332E+03 3.873821670E+03
 3.215925769E+03 3.387778065E+03 3.484723201E+03 3.508047556E+03 3.511060844E+03
 3.510310110E+03 3.509219287E+03 3.508103959E+03 3.506992616E+03 3.505886247E+03
 3.504784729E+03 3.503692899E+03 3.502610363E+03 3.501534600E+03 3.500465868E+03
 3.499403262E+03 3.498346607E+03 3.497297785E+03 3.496256684E+03 3.495222147E+03
 3.494194025E+03 3.493171914E+03 3.492154142E+03 3.491139460E+03 3.490129215E+03
 3.489125810E+03 3.488129582E+03 3.487140592E+03 3.486159018E+03 3.485184355E+03
 3.484216257E+03 3.483255335E+03 3.482301585E+03 3.481354661E+03 3.480414698E+03
 3.479482182E+03 3.478557745E+03 3.477640691E+03 3.476731933E+03 3.475832388E+03
 3.474941302E+03 3.474059562E+03 3.473188302E+03 3.472327390E+03 3.471476194E+03
 3.470636797E+03 3.469810986E+03 3.468998580E+03 3.468200632E+03 3.467418606E+03
 3.466654992E+03 3.465929823E+03 3.465223464E+03 3.464515506E+03 3.463826058E+03
 3.463158046E+03 3.462512806E+03 3.461891097E+03 3.461286530E+03 3.460710328E+03
 3.460172440E+03 3.459666444E+03 3.459195209E+03 3.458760881E+03 3.458365208E+03
 3.458011028E+03 3.457700946E+03 3.457437961E+03 3.457225954E+03 3.457068698E+03
 3.456969255E+03 3.456930262E+03 3.456956273E+03 3.457053253E+03 3.457227424E+03
 3.457484601E+03 3.457829310E+03 3.458267354E+03 3.458805924E+03 3.459451773E+03
 3.460212364E+03 3.461095947E+03 3.462110612E+03 3.463266342E+03 3.464574524E+03
 3.466047346E+03 3.467692071E+03 3.469500888E+03 3.471488124E+03 3.473695904E+03
 3.476143218E+03 3.478838009E+03 3.481797194E+03 3.485039354E+03 3.488585281E+03
 3.492457315E+03 3.496678879E+03 3.501276827E+03 3.506281702E+03 3.511725701E+03
 3.517635909E+03 3.524046762E+03 3.531002701E+03 3.538546556E+03 3.546724250E+03
 3.555586486E+03 3.565193062E+03 3.575600533E+03 3.586870567E+03 3.599077440E+03
 3.612296759E+03 3.626611698E+03 3.642111553E+03 3.658889029E+03 3.677044658E+03
 3.696687886E+03 3.717941725E+03 3.740942103E+03 3.765831629E+03 3.792768227E+03
 3.821924659E+03 3.853487999E+03 3.887660044E+03 3.924655886E+03 3.964715671E+03
 4.008109600E+03 4.055146939E+03 4.106200547E+03 4.161719320E+03 4.222238827E+03
 4.288394405E+03 4.360973973E+03 4.441027911E+03 4.530044857E+03 4.630123839E+03
 4.744083567E+03 4.875670662E+03 5.030690782E+03 5.219361362E+03 5.457482706E+03
 6.014788359E+03 8.084651676E+03 9.694007500E+03 9.660782575E+03 9.668627837E+03
 9.676874297E+03 9.685078288E+03 9.693219345E+03 9.701288048E+03 9.709293488E+03
 9.717239838E+03 9.725123151E+03 9.732939543E+03 9.740717654E+03 9.748478733E+03
 9.756224562E+03 9.763958898E+03 9.771685283E+03 9.779410625E+03 9.787146872E+03
 9.794913743E+03 9.802736783E+03 9.810647761E+03 9.818681133E+03 9.826865740E+03
 9.835214686E+03 9.843727188E+03 9.852414817E+03 9.861316065E+03 9.870448847E+03
 9.879788249E+03 9.889305230E+03 9.898972291E+03 9.908755786E+03 9.918620272E+03
 9.928529780E+03 9.938449399E+03 9.948351433E+03 9.958217495E+03 9.968034633E+03
 9.977796958E+03 9.987503549E+03 9.997150061E+03 1.000671608E+04 1.001618220E+04
 1.002557698E+04 1.003493081E+04 1.004425576E+04 1.005358820E+04 1.006297647E+04
 1.007247017E+04 1.008211471E+04 1.009193177E+04 1.010193287E+04 1.011216007E+04
 1.012264976E+04 1.013337731E+04 1.014428591E+04 1.015531713E+04 1.016640226E+04
 1.017747122E+04 1.018845952E+04 1.019932029E+04 1.021001341E+04 1.022054152E+04
 1.023094669E+04 1.024126064E+04 1.025153068E+04 1.026181522E+04 1.027216741E+04
 1.028262186E+04 1.029318694E+04 1.030385090E+04 1.031459304E+04 1.032538839E+04
 1.033620834E+04 1.034702765E+04 1.035783428E+04 1.036863075E+04 1.037942073E+04
 1.039019938E+04 1.040095805E+04 1.041168926E+04 1.042237801E+04 1.043299419E+04
 1.044350465E+04 1.045388751E+04 1.046412322E+04 1.047418844E+04 1.048407426E+04
 1.049379444E+04 1.050335774E+04 1.051275435E+04 1.052190586E+04 1.053059547E+04
 1.053811638E+04 1.054086274E+04 1.055316768E+04 1.056881058E+04 1.057501352E+04
 1.058120822E+04 1.058609454E+04 1.058972912E+04 1.059221487E+04 1.059376568E+04
 1.059458359E+04 1.059473540E+04 1.059388972E+04 1.059135187E+04 1.058616910E+04
 1.057720445E+04 1.056344281E+04 1.054420627E+04 1.051904720E+04 1.048758907E+04
 1.044921363E+04 1.040294007E+04 1.034782008E+04 1.028343069E+04 1.020973147E+04
 1.012685069E+04 1.003520205E+04 9.935461374E+03 9.828538009E+03 9.715656537E+03
 9.598195934E+03 9.477618594E+03 9.355405532E+03 9.232841988E+03 9.111070837E+03
 8.991006140E+03 8.873544135E+03 8.759879780E+03 8.650931295E+03 8.547092367E+03
 8.448672652E+03 8.355948206E+03 8.269682611E+03 8.192356730E+03 8.127578217E+03
 8.078855323E+03 8.048205521E+03 8.035178734E+03 8.037643912E+03 8.054890020E+03
 8.091071837E+03 8.148794343E+03 8.232805847E+03 8.346853776E+03 8.481396459E+03
 8.635253421E+03 8.816866496E+03 9.026848059E+03 9.262619068E+03 9.530027672E+03
 9.824819461E+03 1.012452983E+04 1.041962206E+04 1.072249727E+04 1.105732730E+04
 1.144054711E+04 1.187067075E+04 1.233164859E+04 1.280222428E+04 1.327261367E+04
 1.374793467E+04 1.423585918E+04 1.473913910E+04 1.525606903E+04 1.578995497E+04
 1.634512315E+04 1.689768463E+04 1.742319589E+04 1.792988345E+04 1.842261188E+04
 1.891882489E+04 1.943179512E+04 1.994538885E+04 2.044126809E+04 2.091702222E+04
 2.140086790E+04 2.188096497E+04 2.234264067E+04 2.282343503E+04 2.332092009E+04
 2.380107319E+04 2.427703139E+04 2.477489961E+04 2.530182743E+04 2.588129104E+04
 2.654951660E+04 2.733790930E+04 2.850663911E+04 3.035279569E+04 3.246101679E+04
 3.456360456E+04 3.684412577E+04 3.924912183E+04 4.176216004E+04 4.439192068E+04
 4.712916969E+04 4.997720926E+04 5.296200898E+04 5.607707098E+04 5.932641716E+04
 6.274604310E+04 6.635324286E+04 7.007921169E+04 7.394054868E+04 7.795391429E+04
 8.204906995E+04 8.623131535E+04 9.045711846E+04 9.475732819E+04 9.914899548E+04
 1.036113085E+05 1.082187513E+05 1.129235785E+05 1.176646970E+05 1.223700020E+05
 1.272878706E+05 1.323805485E+05 1.374501234E+05 1.423428654E+05 1.472541805E+05
 1.522557819E+05 1.569532619E+05 1.613925548E+05 1.659269129E+05 1.706850156E+05
 1.754289127E+05 1.801477783E+05 1.847243984E+05 1.891066723E+05 1.933141634E+05
 1.976964475E+05 2.021300095E+05 2.063056280E+05 2.101990494E+05 2.141519608E+05
 2.180433461E+05 2.216023985E+05 2.249531784E+05 2.279457389E+05 2.306416550E+05
 2.330182633E+05 2.349820173E+05 2.364249955E+05 2.374241113E+05 2.381164969E+05
 2.384527741E+05 2.385783654E+05 2.388780147E+05 2.393637983E+05 2.401024288E+05
 2.409482128E+05 2.407018794E+05 2.406965358E+05 2.432561705E+05
