x ch normalized_heat_flux
0.0180187915 -0.0258438718 259391.520744949
0.0180262625 -0.0253259279 254192.986372032
0.0180387404 -0.0249249768 250168.693248377
0.0180562008 -0.0246611256 247520.453675451
0.0180786084 -0.0247006509 247917.163880263
0.0181059223 -0.0249560941 250481.013470012
0.0181380939 -0.0251779575 252707.827051545
0.0181750711 -0.0251821261 252749.666738019
0.0182168018 -0.0249739625 250660.356235877
0.0182632357 -0.0245486572 246391.623230171
0.0183143206 -0.0239337832 240220.214272535
0.01837001 -0.0231572296 232426.048568464
0.0184302628 -0.022255037 223370.86085008
0.0184950344 -0.0212411899 213195.011692995
0.0185642689 -0.020282153 203569.28525902
0.0186412679 -0.01979136465 198643.307547336
0.0187182669 -0.0193005763 193717.329835653
0.01879883 -0.0181197748 181865.781462668
0.0188829061 -0.0168471895 169093.011236936
0.0189703256 -0.0155418515 155991.50649622
0.019060906 -0.014253309 143058.57596607
0.019154463 -0.0130166095 130645.986765348
0.0192508064 -0.0118399961 118836.473797756
0.0193497371 -0.0107129635 107524.596757601
0.019451052 -0.00963236205 96678.7430246979
0.0195545442 -0.00860881805 86405.5673657253
0.0196600035 -0.00765496073 76831.8276906778
0.0197672118 -0.00678523863 68102.542083229
0.0198759492 -0.00599684287 60189.5181865825
0.0199859943 -0.0053033079 53228.5994840643
0.0200971197 -0.00461066049 46276.5891037949
0.0202229414 -0.00412938395 41446.0801701657
0.0203487631 -0.00364810741 36615.5712365365
0.0205137152 -0.00334814074 33604.8454712084
0.0207085144 -0.0031951142 32068.9383427363
0.0209385343 -0.00303628016 30474.7421054038
0.0212101042 -0.00287178927 28823.7688133218
0.0215306729 -0.00271583488 27258.4752419093
0.0219090097 -0.00256637926 25758.4089648555
0.0223554168 -0.00241667521 24255.8492287723
0.0228819996 -0.00226808595 22764.4784923733
0.0235029534 -0.00212015794 21279.744634706
0.0242349096 -0.00197408907 19813.670719156
0.0250973199 -0.00183494692 18417.1193754746
0.0261128936 -0.0017099391 17162.4324312834
0.0273080822 -0.00160411361 16100.275994465
0.0287136119 -0.00151459756 15201.8152483247
0.0305085471 -0.0014334853 14387.7022301484
0.0323034823 -0.00135237304 13573.5892119721
0.03457601 -0.00128844415 12931.9434042168
0.0372364931 -0.00124620122 12507.9567067815
0.0403460413 -0.00121059665 12150.59835006
0.0439734645 -0.00118353451 11878.9792326329
0.0481955446 -0.00116730039 11716.039518826
0.0530969501 -0.00116047217 11647.5055784208
0.0587697774 -0.00115640799 11606.7139416668
0.0653124675 -0.00115071167 11549.5407317514
0.0728279725 -0.00114221522 11464.2629876312
0.0814209655 -0.00112779543 11319.5334639024
0.0911939517 -0.00110391108 11079.8094041157
0.102242149 -0.0010693497 10732.9214073549
0.11464712 -0.0010275417 10313.3000447654
0.128469378 -0.000982593745 9862.16336942303
0.144461401 -0.000936812139 9402.65944932983
0.160453424 -0.000891030533 8943.15552923663
0.178558066 -0.000843213173 8463.2190156834
0.197952598 -0.000797445362 8003.85355417939
0.218482539 -0.000757935806 7607.30136981212
0.239941671 -0.000722269702 7249.32540447679
0.262078047 -0.000686161336 6886.91051398212
0.28460446 -0.000651611132 6540.13468925418
0.307212591 -0.000623961969 6262.62369967037
0.329589576 -0.00060328329 6055.07453543072
0.351435304 -0.000585316622 5874.74546665553
0.372477829 -0.000568112533 5702.07030237378
0.392486155 -0.000551584992 5536.18556082493
0.411278367 -0.000536559965 5385.38135343199
0.428725481 -0.000523453578 5253.83428178145
0.444750726 -0.000513951876 5158.46695638536
0.4588992895 -0.000505417236 5072.80590428981
0.473047853 -0.000496882596 4987.14485219425
0.486770242 -0.00049085659 4926.66262753169
0.500492632 -0.000485010038 4867.98155891586
0.514214993 -0.000479298731 4810.65792646496
0.527937412 -0.000473626249 4753.72397540047
0.541659772 -0.000467933976 4696.59138468836
0.555382192 -0.000462081051 4637.84635111502
0.569104552 -0.000455898233 4575.79022516298
0.582826912 -0.000449425133 4510.82057719661
0.596549332 -0.000443043886 4446.77284563422
0.610271692 -0.000437303795 4389.16031198497
0.623994112 -0.000432506116 4341.00664284875
0.637716472 -0.000428469182 4300.48847059071
0.651438892 -0.000424674974 4262.40650706918
0.665161252 -0.000420623808 4221.74549011079
0.678883642 -0.0004159930685 4175.26737064114
0.692606032 -0.000411362329 4128.7892511715
0.706328392 -0.000406578125 4080.77082882682
0.720050812 -0.000402020465 4035.02619862638
0.733773172 -0.000397800526 3992.67122940459
0.747495592 -0.000393951748 3954.04155401556
0.761217952 -0.000390512316 3919.5204302504
0.774940372 -0.000387538515 3889.67278320462
0.788662732 -0.000385034451 3864.53982425677
0.802385092 -0.000382882979 3842.94578454636
0.816107512 -0.000380854326 3822.58446288348
0.829829872 -0.000378692697 3800.88847870837
0.843552291 -0.000376225391 3776.1244549415
0.857274652 -0.000373420829 3747.97543733945
0.870997071 -0.000370362977 3717.28418153106
0.884719431 -0.000367185625 3685.39352003885
0.898441821 -0.000364059248 3654.01448787494
0.912164211 -0.000360932871 3622.63545571103
0.925886571 -0.000357973215 3592.92978015812
0.939608991 -0.00035513789 3564.47199839664
0.953331351 -0.000352415489 3537.14761987733
0.967053771 -0.000349795417 3510.85030398749
0.980776131 -0.000347272551 3485.52863185415
0.994498551 -0.000344846689 3461.18057603004
1.00822091 -0.000342521176 3437.83970983746
1.02194333 -0.000340301718 3415.56330364318
1.03566563 -0.000338198734 3394.45593157123
1.04938805 -0.000336219906 3374.59469683888
1.06311047 -0.000334373122 3356.05877025812
1.07683289 -0.000332651136 3338.77542468598
1.09055519 -0.000330985058 3322.05322031025
1.10427761 -0.000329381583 3305.95935395983
